INTELSAT 902 (IS-902)   
1 26900U 01039A   26261.04249762 -.00000287  00000+0  00000+0 0  9997
2 26900   6.3453  70.6057 0004033 106.6886 144.8625  1.00273185 91625
INTELSAT 904 (IS-904)   
1 27380U 02007A   26260.77638041 -.00000228  00000+0  00000+0 0  9992
2 27380   7.1457  68.0336 0003078 106.3333  70.3754  1.00272918 52697
DIRECTV 5 (TEMPO 1)     
1 27426U 02023A   26261.21888564 -.00000061  00000+0  00000+0 0  9993
2 27426   5.1091  74.1032 0003137 102.5563 149.1946  1.00272008 89058
INTELSAT 905 (IS-905)   
1 27438U 02027A   26261.17764235  .00000090  00000+0  00000+0 0  9994
2 27438   6.9810  68.6384 0003036 134.2097  81.0223  1.00271730 52298
GALAXY 3C (G-3C)        
1 27445U 02030A   26261.22666947 -.00000157  00000+0  00000+0 0  9998
2 27445   3.9750  76.7954 0001629  40.6158 226.5036  1.00272352 47421
INTELSAT 906 (IS-906)   
1 27513U 02041A   26261.08040824  .00000009  00000+0  00000+0 0  9995
2 27513   6.0322  71.7341 0003149 122.0711 256.3167  1.00270750 87969
GALAXY 13 (HORIZONS-1)  
1 27954U 03044A   26261.20231796  .00000128  00000+0  00000+0 0  9994
2 27954   1.6529  82.5325 0001658 101.5899  95.8426  1.00270601 47507
INTELSAT 10-02          
1 28358U 04022A   26261.13882183 -.00000015  00000+0  00000+0 0  9990
2 28358   0.0376 259.1114 0000048 164.1288 342.8089  1.00272627 81481
DIRECTV 8               
1 28659U 05019A   26261.18294575 -.00000003  00000+0  00000+0 0  9995
2 28659   0.0163 140.5312 0002969  28.1183 135.2706  1.00272478 78007
GALAXY 28 (G-28)        
1 28702U 05022A   26261.13370846 -.00000204  00000+0  00000+0 0  9992
2 28702   3.5316  77.7197 0001784 100.0780 200.3181  1.00270703 52904
GALAXY 16 (G-16)        
1 29236U 06023A   26261.22676269 -.00000131  00000+0  00000+0 0  9994
2 29236   0.0127 173.9823 0002646   4.2939 161.5219  1.00271760 73900
DIRECTV 9S              
1 29494U 06043A   26261.10701501 -.00000038  00000+0  00000+0 0  9993
2 29494   2.6551  79.6788 0006462 194.4555 319.9127  0.99096809 52318
GALAXY 17 (G-17)        
1 31307U 07016B   26261.07109072 -.00000210  00000+0  00000+0 0  9993
2 31307   3.1996  78.6590 0003194 121.8144  97.1340  1.00272467 70737
INTELSAT 11 (IS-11)     
1 32253U 07044B   26261.08300825  .00000047  00000+0  00000+0 0  9992
2 32253   3.8004  77.4689 0007472 128.8924 257.6451  0.99046611 69378
HORIZONS-2              
1 32388U 07063B   26261.15233979 -.00000257  00000+0  00000+0 0  9999
2 32388   2.8349  79.4018 0001392  99.2464 159.4956  1.00271688 68747
DIRECTV 11              
1 32729U 08013A   26261.14595247 -.00000130  00000+0  00000+0 0  9992
2 32729   0.0398 358.8563 0000364  77.3774 234.2076  1.00272511 46521
GALAXY 18 (G-18)        
1 32951U 08024A   26261.21389954  .00000021  00000+0  00000+0 0  9993
2 32951   0.0162 140.1135 0002978  28.9115 142.1227  1.00272435 46786
GALAXY 19 (G-19)        
1 33376U 08045A   26261.18847954 -.00000143  00000+0  00000+0 0  9999
2 33376   0.0304 242.3781 0002446 294.9961 150.6009  1.00272122 65834
FM-5                    
1 35493U 09034A   26260.62306640 -.00000205  00000+0  00000+0 0  9999
2 35493   0.0372 265.1483 0000680 165.1995  64.3696  1.00274441 47577
INTELSAT 14 (IS-14)     
1 36097U 09064A   26261.05882815 -.00000278  00000+0  00000+0 0  9994
2 36097   0.1482  84.3877 0002409  87.4420 161.3442  1.00272823 61530
INTELSAT 15 (IS-15)     
1 36106U 09067A   26261.08465492 -.00000190  00000+0  00000+0 0  9992
2 36106   0.0162 125.1421 0002284  53.1789 294.3179  1.00272761 42166
DIRECTV 12              
1 36131U 09075A   26260.61977304 -.00000108  00000+0  00000+0 0  9996
2 36131   0.0353 350.9607 0000462 115.5396  10.4585  1.00272649 47486
INTELSAT 16 (IS-16)     
1 36397U 10006A   26261.05830814 -.00000151  00000+0  00000+0 0  9997
2 36397   0.0246 270.9984 0001745 277.0347 142.3300  1.01416530 60581
XM-5                    
1 37185U 10053A   26261.14185497 -.00000028  00000+0  00000+0 0  9998
2 37185   0.0678 271.5788 0000416 218.4877 162.8912  1.00272760 58415
INTELSAT 17 (IS-17)     
1 37238U 10065B   26261.15208190 -.00000006  00000+0  00000+0 0  9993
2 37238   0.0180 125.2553 0002604  61.4560 291.1291  1.00272769 54188
INTELSAT 28 (IS-28)     
1 37392U 11016A   26261.13275513 -.00000229  00000+0  00000+0 0  9999
2 37392   2.0394  81.3686 0003594  97.7855 194.0371  1.00272699 54211
INTELSAT 18 (IS-18)     
1 37834U 11056A   26261.14419843  .00000049  00000+0  00000+0 0  9990
2 37834   0.0382 263.6416 0002031 276.7539  48.5961  1.00273602 54747
INTELSAT 22 (IS-22)     
1 38098U 12011A   26261.08205492 -.00000064  00000+0  00000+0 0  9999
2 38098   0.0223 235.0973 0001912 302.5568 281.0350  1.00275557  8119
INTELSAT 19 (IS-19)     
1 38356U 12030A   26261.11641855 -.00000060  00000+0  00000+0 0  9994
2 38356   0.0163 123.4812 0003095  57.0384  24.4499  1.00272085 51386
INTELSAT 20 (IS-20)     
1 38740U 12043A   26261.15260190 -.00000029  00000+0  00000+0 0  9993
2 38740   0.0096 166.7307 0001908   2.0875 311.7059  1.00272069 51682
INTELSAT 21 (IS-21)     
1 38749U 12045A   26261.12755509 -.00000289  00000+0  00000+0 0  9992
2 38749   0.0183 147.9690 0002075  17.1695 179.8587  1.00272492 51451
INTELSAT 23 (IS-23)     
1 38867U 12057A   26261.08725374 -.00000289  00000+0  00000+0 0  9998
2 38867   0.0305 268.3743 0001755 338.9548  88.0995  1.00268837 50888
FM-6                    
1 39360U 13058A   26261.18340375  .00000000  00000+0  00000+0 0  9994
2 39360   0.0227 136.3826 0001421 127.4066  42.9638  1.00272427 47005
INTELSAT 30 (IS-30)     
1 40271U 14062A   26260.92504095 -.00000156  00000+0  00000+0 0  9998
2 40271   0.0136  96.1921 0002018 329.6292 169.0242  1.00274761  7726
DIRECTV 14              
1 40333U 14078B   26261.12147933  .00000000  00000+0  00000+0 0  9998
2 40333   0.0136 132.2867 0000998 316.0882 213.1667  1.00270011 42978
DIRECTV 15              
1 40663U 15026A   26260.61968638 -.00000107  00000+0  00000+0 0  9993
2 40663   0.0176 107.3417 0000675  34.6450 334.7941  1.00273096 41394
SKY MEXICO-1            
1 40664U 15026B   26261.16155891 -.00000239  00000+0  00000+0 0  9990
2 40664   0.0194 252.6182 0002080 278.2544 165.5958  1.00272025 41388
INTELSAT 34 (IS-34)     
1 40874U 15039A   26261.12807512 -.00000290  00000+0  00000+0 0  9994
2 40874   0.0118 354.0841 0000240  53.0353 300.5545  1.00271286 40569
INTELSAT 31 (IS-31)     
1 41581U 16035A   26260.55000606 -.00000155  00000+0  00000+0 0  9992
2 41581   0.0192 227.3356 0001146  43.6654 188.4536  1.00271012 37606
INTELSAT 36 (IS-36)     
1 41747U 16053A   26260.78203166  .00000000  00000+0  00000+0 0  9995
2 41747   0.0137 126.5083 0001694 229.5498 350.6901  1.00271888 36884
INTELSAT 32E (IS-32E)   
1 41945U 17007B   26260.77412706 -.00000273  00000+0  00000+0 0  9999
2 41945   0.0163 236.2125 0000521 231.4887 124.5203  1.00272777 35151
INTELSAT 35E (IS-35E)   
1 42818U 17041A   26261.13223513 -.00000242  00000+0  00000+0 0  9990
2 42818   0.0185 147.0472 0002101  33.9709 189.1571  1.00271501 33745
INTELSAT 37E (IS-37E)   
1 42950U 17059A   26260.93586251  .00000000  00000+0  00000+0 0  9995
2 42950   0.0207 153.4462 0002724  22.0536 140.2797  1.00269924 32995
AZERSPACE 2 (IS-38)     
1 43632U 18074A   26260.72030682  .00000000  00000+0  00000+0 0  9990
2 43632   0.0200 146.1450 0001421  49.3000 105.6441  1.00268926 29373
HORIZONS-3E             
1 43633U 18074B   26260.24589081 -.00000035  00000+0  00000+0 0  9999
2 43633   0.0136 172.2438 0000732 350.2237  91.2516  1.00272305 29265
AT&T T-16               
1 44333U 19034A   26260.62011972 -.00000120  00000+0  00000+0 0  9990
2 44333   0.0164 107.7168 0000649 311.7300  59.4996  1.00272967 26569
INTELSAT 39 (IS-39)     
1 44476U 19049B   26261.15130190  .00000029  00000+0  00000+0 0  9994
2 44476   0.0112 228.2615 0000918 227.2042  18.0334  1.00271722 26069
GALAXY 30 (G-30)        
1 46114U 20056C   26261.18199426  .00000033  00000+0  00000+0 0  9990
2 46114   0.0170 198.4814 0002278 332.1805 126.9672  1.00271963 22222
GALAXY 33 (G-33)        
1 54026U 22128A   26261.17926064  .00000075  00000+0  00000+0 0  9994
2 54026   0.0163 254.8961 0001917 272.8873 120.8626  1.00271785 14673
GALAXY 34 (G-34)        
1 54027U 22128B   26260.68581334  .00000000  00000+0  00000+0 0  9995
2 54027   0.0172 171.1125 0001864   1.1191 302.2812  1.00273587 14848
GALAXY 31 (G-31)        
1 54243U 22153A   26261.21445204  .00000009  00000+0  00000+0 0  9997
2 54243   0.0107 207.5731 0001334 314.4540 151.3280  1.00271213  8066
GALAXY 32 (G-32)        
1 54244U 22153B   26261.19033066  .00000000  00000+0  00000+0 0  9995
2 54244   0.0152 132.6970 0000220 292.6352 269.3084  1.00269621 14071
GALAXY 35 (G-35)        
1 54741U 22170A   26261.23209498 -.00000167  00000+0  00000+0 0  9990
2 54741   0.0154 224.3281 0001990 304.2685 179.0246  1.00272223 13824
GALAXY 36 (G-36)        
1 54742U 22170B   26261.19079218 -.00000190  00000+0  00000+0 0  9997
2 54742   0.0168 154.6112 0002134 329.8882 212.3164  1.00272384 13717
GALAXY 37 (G-37)        
1 57493U 23112A   26261.18209433  .00000044  00000+0  00000+0 0  9990
2 57493   0.0181 145.8765 0002015  30.7148 119.0784  1.00271546 11476
