IRIDIUM 106             
1 41917U 17003A   26208.07285073  .00000014  00000+0 -18934-5 0  9998
2 41917  86.3927  71.8748 0002314  92.1053 268.0408 14.34217506498927
IRIDIUM 103             
1 41918U 17003B   26208.12993311  .00000031  00000+0  39880-5 0  9997
2 41918  86.3929  71.7513 0002011  90.5126 269.6300 14.34217595498955
IRIDIUM 109             
1 41919U 17003C   26208.06650757  .00000065  00000+0  16260-4 0  9998
2 41919  86.3930  71.8378 0002117  86.5294 273.6144 14.34217863498911
IRIDIUM 102             
1 41920U 17003D   26208.10456288  .00000109  00000+0  31690-4 0  9991
2 41920  86.3928  71.7445 0002228  85.7602 274.3849 14.34217500499000
IRIDIUM 105             
1 41921U 17003E   26208.06315923  .00000090  00000+0  25200-4 0  9996
2 41921  86.3940  40.1893 0001969  84.1806 275.9615 14.34217141500857
IRIDIUM 104             
1 41922U 17003F   26208.11724732  .00000008  00000+0 -42543-5 0  9995
2 41922  86.3928  71.7821 0001764  84.4123 275.7274 14.34217562498990
IRIDIUM 114             
1 41923U 17003G   26208.12359052  .00000076  00000+0  20015-4 0  9999
2 41923  86.3930  71.7628 0002038  88.1491 271.9938 14.34217388498972
IRIDIUM 108             
1 41924U 17003H   26208.08211203 -.00000006  00000+0 -93284-5 0  9994
2 41924  86.3931  40.0689 0002078  86.4369 273.7064 14.34217363500820
IRIDIUM 112             
1 41925U 17003J   26208.11090555  .00000057  00000+0  13310-4 0  9999
2 41925  86.3923  71.6083 0002103  85.5509 274.5927 14.34217822498996
IRIDIUM 111             
1 41926U 17003K   26208.09822052  .00000042  00000+0  80456-5 0  9992
2 41926  86.3928  71.6850 0002160  87.1539 272.9904 14.34217685498970
IRIDIUM 113             
1 42803U 17039A   26207.79911087  .00000021  00000+0  57414-6 0  9995
2 42803  86.3992 305.6250 0002131  94.0137 266.1302 14.34217685476860
IRIDIUM 123             
1 42804U 17039B   26208.32896908  .00000233  00000+0  76213-4 0  9991
2 42804  86.4006 336.8598 0002211  97.5321 262.6126 14.34218246475702
IRIDIUM 120             
1 42805U 17039C   26208.21138018 -.00000018  00000+0 -13611-4 0  9997
2 42805  86.3978 305.2301 0002316  95.7773 264.3686 14.34217338476914
IRIDIUM 115             
1 42806U 17039D   26207.98381788  .00000326  00000+0  90767-4 0  9992
2 42806  86.4517 305.4593 0002402  98.5615 261.5858 14.43283350480004
IRIDIUM 118             
1 42807U 17039E   26207.87230300 -.00000028  00000+0 -16960-4 0  9998
2 42807  86.4004 337.0489 0002084  92.7880 267.3554 14.34217212475631
IRIDIUM 117             
1 42808U 17039F   26208.03086730  .00000006  00000+0 -49448-5 0  9997
2 42808  86.4002 336.9399 0002083  95.2862 264.8571 14.34217448475682
IRIDIUM 126             
1 42809U 17039G   26207.91670044  .00000029  00000+0  34451-5 0  9993
2 42809  86.4003 337.0388 0002015  93.8582 266.2844 14.34217866475641
IRIDIUM 124             
1 42810U 17039H   26208.12561684  .00000180  00000+0  47401-4 0  9994
2 42810  86.4471 273.6602 0002353  96.7880 263.3589 14.43277543480877
IRIDIUM 128             
1 42811U 17039J   26207.97720765 -.00000002  00000+0 -79287-5 0  9997
2 42811  86.3972   8.5109 0002229  93.0548 267.0903 14.34217675475687
IRIDIUM 121             
1 42812U 17039K   26207.86596013  .00000005  00000+0 -51893-5 0  9998
2 42812  86.4003 337.0884 0002141  92.9422 267.2019 14.34217548475517
IRIDIUM 133             
1 42955U 17061A   26207.93915211 -.00000017  00000+0 -13227-4 0  9996
2 42955  86.3977   8.6455 0002113  92.2843 267.8595 14.34217298460474
IRIDIUM 100             
1 42956U 17061B   26208.00257729 -.00000031  00000+0 -18057-4 0  9991
2 42956  86.3977   8.5367 0002060  91.0058 269.1374 14.34217532460484
IRIDIUM 122             
1 42957U 17061C   26207.97086366  .00000240  00000+0  78698-4 0  9991
2 42957  86.3981   8.5492 0002116  94.4787 265.6650 14.34217658460484
IRIDIUM 129             
1 42958U 17061D   26207.99623790  .00000234  00000+0  76405-4 0  9999
2 42958  86.3978   8.6067 0002006  87.7808 272.3617 14.34219089460508
IRIDIUM 119             
1 42959U 17061E   26207.82498441  .00000220  00000+0  71520-4 0  9993
2 42959  86.3977   8.6745 0002101  93.1719 266.9718 14.34219612460490
IRIDIUM 107             
1 42960U 17061F   26207.98354986  .00000196  00000+0  63005-4 0  9998
2 42960  86.3979   8.6294 0002159  97.5085 262.6357 14.34218131460521
IRIDIUM 132             
1 42961U 17061G   26208.26896682  .00000212  00000+0  68580-4 0  9997
2 42961  86.3978   8.4893 0002162  91.7206 268.4238 14.34218247460563
IRIDIUM 136             
1 42962U 17061H   26207.95183675 -.00000052  00000+0 -25454-4 0  9991
2 42962  86.3978   8.6290 0002125  90.8617 269.2822 14.34217296460530
IRIDIUM 139             
1 42963U 17061J   26207.95817404  .00000190  00000+0  60784-4 0  9992
2 42963  86.3980   8.6888 0002267  91.3598 268.7858 14.34220454460542
IRIDIUM 125             
1 42964U 17061K   26207.94549342  .00000195  00000+0  62554-4 0  9997
2 42964  86.3982   8.7559 0001872 103.8946 256.2458 14.34217820460550
IRIDIUM 135             
1 43070U 17083A   26208.26846249  .00000233  00000+0  76158-4 0  9990
2 43070  86.3987 305.2630 0002177  95.7301 264.4143 14.34217716449892
IRIDIUM 138             
1 43071U 17083B   26208.22406468  .00000217  00000+0  70408-4 0  9996
2 43071  86.3998 304.9834 0002041  95.8506 264.2922 14.34217386449879
IRIDIUM 116             
1 43072U 17083C   26207.77374155  .00000132  00000+0  39919-4 0  9991
2 43072  86.3986 305.4552 0002526  94.9326 265.2158 14.34217759449841
IRIDIUM 130             
1 43073U 17083D   26208.23040801 -.00000052  00000+0 -25479-4 0  9991
2 43073  86.3990 305.5436 0002335  99.0772 261.0688 14.34217151449857
IRIDIUM 151             
1 43074U 17083E   26208.20503711  .00000104  00000+0  30021-4 0  9998
2 43074  86.3987 305.3336 0002274  94.9348 265.2107 14.34217769449875
IRIDIUM 134             
1 43075U 17083F   26208.24309204  .00000019  00000+0 -27283-6 0  9998
2 43075  86.3987 305.3266 0002126  96.5518 263.5920 14.34217701449848
IRIDIUM 137             
1 43076U 17083G   26208.25577878 -.00000008  00000+0 -99234-5 0  9997
2 43076  86.3987 305.4149 0002468  87.7226 272.4252 14.34217387449912
IRIDIUM 141             
1 43077U 17083H   26208.24943498  .00000225  00000+0  73306-4 0  9992
2 43077  86.3983 305.2455 0002165  95.2148 264.9295 14.34218060449910
IRIDIUM 153             
1 43078U 17083J   26208.20161335  .00000018  00000+0 -53065-6 0  9994
2 43078  86.3947 273.7419 0002051  96.7687 263.3742 14.34217643451018
IRIDIUM 131             
1 43079U 17083K   26208.23675003 -.00000015  00000+0 -12440-4 0  9998
2 43079  86.3988 305.4397 0002107  93.8830 266.2607 14.34217374449843
IRIDIUM 144             
1 43249U 18030A   26208.13818838  .00000194  00000+0  62167-4 0  9991
2 43249  86.3948 273.6969 0002404  95.0133 265.1337 14.34217804435862
IRIDIUM 149             
1 43250U 18030B   26208.14453058 -.00000007  00000+0 -94220-5 0  9994
2 43250  86.3942 273.6603 0002148  94.2723 265.8718 14.34217383435888
IRIDIUM 157             
1 43251U 18030C   26208.16355824  .00000000  00000+0 -70439-5 0  9997
2 43251  86.3945 273.7065 0002170  94.4696 265.6748 14.34217525435868
IRIDIUM 140             
1 43252U 18030D   26208.11281753 -.00000024  00000+0 -15497-4 0  9991
2 43252  86.3945 273.7403 0002175  95.8087 264.3357 14.34217435435917
IRIDIUM 145             
1 43253U 18030E   26208.16990161  .00000000  00000+0 -70413-5 0  9990
2 43253  86.3944 273.6886 0002506  95.6531 264.4951 14.34217482435857
IRIDIUM 146             
1 43254U 18030F   26208.15087376  .00000013  00000+0 -24266-5 0  9994
2 43254  86.3945 273.7086 0002385  94.3340 265.8129 14.34217573435865
IRIDIUM 148             
1 43255U 18030G   26208.11916044 -.00000027  00000+0 -16883-4 0  9995
2 43255  86.3947 273.7657 0002191  92.1129 268.0317 14.34217355435893
IRIDIUM 142             
1 43256U 18030H   26208.15721522  .00000213  00000+0  68911-4 0  9999
2 43256  86.3943 273.6375 0002429  93.5858 266.5616 14.34217328435866
IRIDIUM 150             
1 43257U 18030J   26208.19527183  .00000155  00000+0  48280-4 0  9993
2 43257  86.3947 273.7391 0002309  95.9930 264.1529 14.34217622435891
IRIDIUM 143             
1 43258U 18030K   26208.10647525 -.00000003  00000+0 -81277-5 0  9996
2 43258  86.3949 273.8702 0002283  94.9645 265.1811 14.34217476435818
IRIDIUM 161             
1 43478U 18047C   26208.10356756  .00000290  00000+0  80252-4 0  9998
2 43478  86.4449  71.7747 0002076  82.1720 277.9716 14.43280645430891
IRIDIUM 152             
1 43479U 18047D   26208.07919226  .00000025  00000+0  17969-5 0  9994
2 43479  86.3921  71.6460 0001971  85.9007 274.2414 14.34217691428207
IRIDIUM 147             
1 43480U 18047E   26208.08553587  .00000041  00000+0  74557-5 0  9995
2 43480  86.3925  71.6496 0002301  86.6407 273.5052 14.34217615428208
IRIDIUM 110             
1 43481U 18047F   26208.09187790  .00000041  00000+0  74949-5 0  9991
2 43481  86.3926  71.7399 0001917  80.9893 279.1520 14.34217077428193
IRIDIUM 162             
1 43482U 18047G   26208.02792023  .00000258  00000+0  70653-4 0  9993
2 43482  86.4447  71.6970 0002190  87.3832 272.7620 14.43282993430872
IRIDIUM 160             
1 43569U 18061A   26208.03771459  .00000056  00000+0  13045-4 0  9994
2 43569  86.3938  40.1262 0002182  87.6836 272.4610 14.34217092419089
IRIDIUM 166             
1 43570U 18061B   26208.06308652  .00000017  00000+0 -81750-6 0  9998
2 43570  86.3934  40.0651 0002168  89.3834 270.7610 14.34217169419119
IRIDIUM 158             
1 43571U 18061C   26208.03137141  .00000055  00000+0  12609-4 0  9995
2 43571  86.3938  40.0886 0002128  89.8288 270.3152 14.34217573419079
IRIDIUM 165             
1 43572U 18061D   26208.26604886  .00000059  00000+0  13911-4 0  9997
2 43572  86.3937  40.0377 0002300  89.4801 270.6659 14.34217334419130
IRIDIUM 155             
1 43573U 18061E   26208.08845413  .00000001  00000+0 -65777-5 0  9997
2 43573  86.3931  39.9789 0002082  91.3672 268.7762 14.34217484419076
IRIDIUM 154             
1 43574U 18061F   26208.06942751  .00000043  00000+0  81829-5 0  9990
2 43574  86.3938  40.1226 0002316  88.6648 271.4813 14.34217437419128
IRIDIUM 163             
1 43575U 18061G   26208.05040039  .00000052  00000+0  11402-4 0  9997
2 43575  86.3935  40.0444 0002111  88.5444 271.5993 14.34217096419090
IRIDIUM 156             
1 43576U 18061H   26208.02502775  .00000094  00000+0  26516-4 0  9993
2 43576  86.3934  40.0624 0002199  92.7586 267.3861 14.34218045419081
IRIDIUM 164             
1 43577U 18061J   26208.07577081 -.00000045  00000+0 -23091-4 0  9994
2 43577  86.3934  40.0821 0002227  87.7059 272.4392 14.34216880419139
IRIDIUM 159             
1 43578U 18061K   26208.04405677  .00000078  00000+0  20949-4 0  9996
2 43578  86.3936  40.0314 0002097  88.6407 271.5029 14.34217474419093
IRIDIUM 180             
1 43922U 19002A   26208.32262666 -.00000051  00000+0 -25297-4 0  9999
2 43922  86.4002 336.8228 0002026  91.7027 268.4401 14.34217260394742
IRIDIUM 176             
1 43923U 19002B   26208.32800935  .00000752  00000+0  11540-3 0  9998
2 43923  86.6123 336.7580 0002335  92.4621 267.6863 14.72257133405156
IRIDIUM 168             
1 43924U 19002C   26207.89767321 -.00000037  00000+0 -20252-4 0  9990
2 43924  86.4004 337.0786 0002080  92.5642 267.5792 14.34217206394664
IRIDIUM 173             
1 43925U 19002D   26208.30359797  .00000046  00000+0  91915-5 0  9995
2 43925  86.4003 336.7961 0002175  93.9780 266.1665 14.34218118394700
IRIDIUM 169             
1 43926U 19002E   26207.96857537  .00000300  00000+0  91431-4 0  9997
2 43926  86.4234   8.5576 0002236 104.1876 255.9571 14.38603946395942
IRIDIUM 172             
1 43927U 19002F   26208.29725648 -.00000011  00000+0 -10938-4 0  9996
2 43927  86.4001 336.8069 0002079  92.5172 267.6262 14.34217378394710
IRIDIUM 175             
1 43928U 19002G   26208.13162055  .00000286  00000+0  78353-4 0  9994
2 43928  86.4500 273.8246 0005589  92.2373 267.9468 14.43632197404747
IRIDIUM 171             
1 43929U 19002H   26207.85961773 -.00000049  00000+0 -24408-4 0  9998
2 43929  86.4010 337.3003 0002178  95.7900 264.3544 14.34217400394645
IRIDIUM 170             
1 43930U 19002J   26208.33415980  .00000827  00000+0  12716-3 0  9998
2 43930  86.6125 336.7577 0002158  91.0373 269.1091 14.72264306405165
IRIDIUM 167             
1 43931U 19002K   26207.85327432 -.00000112  00000+0 -46909-4 0  9990
2 43931  86.4002 337.0147 0002315  98.3856 261.7602 14.34217249394644
IRIDIUM 181             
1 56726U 23068S   26208.04018919  .00000097  00000+0  22930-4 0  9990
2 56726  86.4475  40.1223 0002274  83.8132 276.3328 14.43310072168184
IRIDIUM 177             
1 56727U 23068T   26208.21171570  .00001161  00000+0  14995-3 0  9997
2 56727  86.1988 309.7921 0002317  98.2281 261.9203 14.80040710172281
IRIDIUM 174             
1 56728U 23068U   26208.32171773  .00000837  00000+0  12879-3 0  9993
2 56728  86.6133 336.9141 0001958  97.3515 262.7925 14.72256387171925
IRIDIUM 178             
1 56729U 23068V   26207.93035820  .00000692  00000+0  88053-4 0  9999
2 56729  86.6544   8.7503 0002325  93.4499 266.6989 14.80027775172240
IRIDIUM 179             
1 56730U 23068W   26207.99260428  .00000525  00000+0  65899-4 0  9999
2 56730  86.6777  17.8205 0002463  94.6099 265.5404 14.80033500172256
