KUIPER-00008            
1 63724U 25088A   26268.42175420 -.00000455  00000+0 -30741-4 0  9998
2 63724  51.9017 284.7945 0000399  71.8743 288.2263 14.79928707 77624
KUIPER-00009            
1 63725U 25088B   26269.03021652  .00004830  00000+0  32739-3 0  9991
2 63725  51.9015 288.3361 0000499  15.4444 344.6545 15.08118364 77621
KUIPER-00010            
1 63726U 25088C   26267.31291687  .00000705  00000+0  12146-3 0  9995
2 63726  51.9022 284.8085 0000457  59.4967 300.6041 14.79937263 77140
KUIPER-00011            
1 63727U 25088D   26268.75672251  .00000772  00000+0  13027-3 0  9998
2 63727  51.9016 285.9662 0000463  52.4076 307.6929 14.79930184 77381
KUIPER-00012            
1 63728U 25088E   26269.00923741 -.00000449  00000+0 -29835-4 0  9999
2 63728  51.9027 269.7907 0000993  79.1696 280.9378 14.79928198 77583
KUIPER-00013            
1 63729U 25088F   26268.80537232  .00000694  00000+0  11998-3 0  9993
2 63729  51.9031 303.2115 0000444  63.5850 296.5158 14.79931112 77202
KUIPER-00014            
1 63730U 25088G   26269.10922903  .00001019  00000+0  16261-3 0  9992
2 63730  51.9031 301.8117 0000374  50.4385 309.6611 14.79930842 77063
KUIPER-00015            
1 63731U 25088H   26267.51149935 -.00000048  00000+0  22761-4 0  9997
2 63731  51.9012 318.9240 0000668  34.1661 325.9344 14.79939829 77148
KUIPER-00016            
1 63732U 25088J   26267.41831080  .00000703  00000+0  12121-3 0  9991
2 63732  51.8997 311.7917 0000408  74.7595 285.3413 14.79931714 76779
KUIPER-00018            
1 63733U 25088K   26269.08356956 -.00000230  00000+0 -11633-5 0  9997
2 63733  51.9040 294.4785 0000363  24.2691 335.8288 14.79932152 77169
KUIPER-00019            
1 63734U 25088L   26269.11024192  .00000911  00000+0  14849-3 0  9990
2 63734  51.9005 293.1027 0000455   8.7009 351.3961 14.79937988 77183
KUIPER-00020            
1 63735U 25088M   26267.12251630 -.00000601  00000+0 -49849-4 0  9996
2 63735  51.9028 305.6455 0000504  34.5317 325.5678 14.79926860 77047
KUIPER-00021            
1 63736U 25088N   26267.42640042  .00000465  00000+0  90040-4 0  9994
2 63736  51.9016 304.2484 0000381  44.9109 315.1885 14.79927119 76928
KUIPER-00023            
1 63737U 25088P   26268.40287263  .00000168  00000+0  50976-4 0  9990
2 63737  51.9014 302.4213 0000478  56.4795 303.6213 14.79933129 77334
KUIPER-00024            
1 63738U 25088Q   26269.09168078 -.00000597  00000+0 -49310-4 0  9997
2 63738  51.9009 286.9888 0000479  32.3128 327.7863 14.79928997 77736
KUIPER-00025            
1 63739U 25088R   26269.11735051  .00000931  00000+0  15118-3 0  9990
2 63739  51.9038 294.3577 0000951 100.9140 259.1930 14.79928930 77491
KUIPER-00027            
1 63740U 25088S   26269.08895516 -.00004326  00000+0 -53855-3 0  9995
2 63740  51.9013 289.4395 0001442 112.9606 247.1508 14.79949400 77296
KUIPER-00028            
1 63741U 25088T   26269.05789285  .00000032  00000+0  33176-4 0  9991
2 63741  51.9002 287.0167 0000265   6.9157 353.1809 14.79932536 77734
KUIPER-00029            
1 63742U 25088U   26268.76378200  .00001099  00000+0  17313-3 0  9998
2 63742  51.9028 287.0172 0000443  15.9641 344.1336 14.79926368 77231
KUIPER-00030            
1 63743U 25088V   26269.14031385  .00000631  00000+0  11175-3 0  9993
2 63743  51.9019 304.1728 0000417  25.8670 334.2313 14.79935882 77318
KUIPER-00031            
1 63744U 25088W   26269.05520410  .00000545  00000+0  10046-3 0  9996
2 63744  51.9018 289.5710 0000356  39.6031 320.4958 14.79934930 77226
KUIPER-00032            
1 63745U 25088X   26268.97360377  .00015213  00000+0  35098-3 0  9993
2 63745  51.8651 131.5260 0005142 113.5682 246.5848 15.42749373 80414
KUIPER-00033            
1 63746U 25088Y   26268.88778552  .00000679  00000+0  11807-3 0  9994
2 63746  51.9024 320.3112 0000348  52.3135 307.7859 14.79934351 77262
KUIPER-00034            
1 63747U 25088Z   26269.06328553 -.00000570  00000+0 -45847-4 0  9992
2 63747  51.9025 282.0709 0000358  77.0254 283.0748 14.79924213 77491
KUIPER-00035            
1 63748U 25088AA  26269.10385748  .00001287  00000+0  19783-3 0  9990
2 63748  51.9005 306.8558 0000417  42.2686 317.8308 14.79937236 77202
KUIPER-00037            
1 63749U 25088AB  26269.09677479  .00000967  00000+0  15579-3 0  9997
2 63749  51.9020 305.7483 0000277  72.7821 287.3171 14.79933469 78000
KUIPER-00038            
1 63750U 25088AC  26269.08625436  .00002891  00000+0  40787-3 0  9991
2 63750  51.9038 291.9702 0000401  69.9350 290.1656 14.79949027 77191
KUIPER-00039            
1 64500U 25134A   26268.85625031  .00002722  00000+0  38591-3 0  9995
2 64500  51.9009  67.9819 0000671 119.9576 240.1453 14.79937329 69719
KUIPER-00040            
1 64501U 25134B   26268.87924021  .00002720  00000+0  38561-3 0  9994
2 64501  51.8979  77.9372 0000938 121.0755 239.0299 14.79935708 69577
KUIPER-00041            
1 64502U 25134C   26268.77522485  .00002456  00000+0  35105-3 0  9999
2 64502  51.8978  80.7892 0000686 113.0846 247.0188 14.79939089 69525
KUIPER-00042            
1 64503U 25134D   26268.88192032  .00002539  00000+0  36191-3 0  9991
2 64503  51.8979  75.2947 0000629 115.8593 244.2434 14.79932913 69615
KUIPER-00043            
1 64504U 25134E   26268.75495262  .00001633  00000+0  24316-3 0  9999
2 64504  51.8992  68.3708 0000730 133.3467 226.7556 14.79931818 69700
KUIPER-00044            
1 64505U 25134F   26268.74146908 -.00001270  00000+0 -13765-3 0  9994
2 64505  51.8972  80.9204 0000770 111.0711 249.0333 14.79928483 69524
KUIPER-00046            
1 64506U 25134G   26268.84544328  .00001258  00000+0  19403-3 0  9993
2 64506  51.8978  77.9296 0000652 107.9879 252.1155 14.79921746 69573
KUIPER-00047            
1 64507U 25134H   26268.70629241  .00003168  00000+0  44428-3 0  9994
2 64507  51.8990  51.0753 0000418 121.8457 238.2546 14.79942907 69937
KUIPER-00048            
1 64508U 25134J   26268.60500170  .00002906  00000+0  41007-3 0  9992
2 64508  51.9001  51.5357 0000482 119.8467 240.2544 14.79932840 69921
KUIPER-00049            
1 64509U 25134K   26268.62526752  .00000280  00000+0  65766-4 0  9991
2 64509  51.8991  63.9205 0000821 101.1688 258.9367 14.79927687 69757
KUIPER-00050            
1 64510U 25134L   26268.57661658  .00002962  00000+0  41725-3 0  9999
2 64510  51.9002  46.6536 0000351 125.6800 234.4196 14.79950037 69993
KUIPER-00051            
1 64511U 25134M   26268.73636091  .00000384  00000+0  79413-4 0  9993
2 64511  51.9006  62.1262 0000628 134.1349 225.9665 14.79929484 69782
KUIPER-00053            
1 64513U 25134P   26268.60188032  .00002083  00000+0  29037-3 0  9992
2 64513  51.9014  57.0601 0002333 142.6986 217.4140 14.81661318 69842
KUIPER-00054            
1 64514U 25134Q   26268.66983083  .00000060  00000+0  36830-4 0  9991
2 64514  51.8992  53.7236 0000659 121.2848 238.8179 14.79933051 69890
KUIPER-00055            
1 64515U 25134R   26268.55222911  .00001056  00000+0  16762-3 0  9993
2 64515  51.9030   6.8976 0000448 105.1812 254.9200 14.79916632 70547
KUIPER-00056            
1 64516U 25134S   26268.63068966  .00002844  00000+0  40193-3 0  9992
2 64516  51.9022  59.0160 0000726 124.0146 236.0885 14.79933630 69829
KUIPER-00057            
1 64517U 25134T   26268.69011703  .00002608  00000+0  37093-3 0  9999
2 64517  51.8992  66.1651 0000560 113.7176 246.3845 14.79931104 69726
KUIPER-00058            
1 64518U 25134U   26268.86433666  .00000169  00000+0  51133-4 0  9997
2 64518  51.8986  60.3744 0000413 103.7772 256.3236 14.79928794 69824
KUIPER-00059            
1 64519U 25134V   26268.59961004  .00000327  00000+0  71825-4 0  9996
2 64519  51.8998  56.5808 0000313 113.8140 246.2855 14.79931832 69851
KUIPER-00060            
1 64520U 25134W   26269.10610006  .00000722  00000+0  12371-3 0  9998
2 64520  51.9022  54.4215 0000454 108.2245 251.8767 14.79931829 69918
KUIPER-00061            
1 64521U 25134X   26269.13173605 -.00001695  00000+0 -19342-3 0  9998
2 64521  51.9014  61.7477 0000663 125.1731 234.9294 14.79928033 69810
KUIPER-00062            
1 64522U 25134Y   26268.85893672  .00002968  00000+0  41805-3 0  9991
2 64522  51.8960  65.3966 0000662 123.5342 236.5684 14.79938648 69759
KUIPER-00063            
1 64523U 25134Z   26268.71580424  .00002674  00000+0  37952-3 0  9997
2 64523  51.9024  73.6311 0000476 107.2187 252.8827 14.79937177 69629
KUIPER-00064            
1 64524U 25134AA  26268.65096519  .00000151  00000+0  48804-4 0  9995
2 64524  51.9017  71.3442 0000987 121.8340 238.2719 14.79930254 69652
KUIPER-00065            
1 64525U 25134AB  26268.84817457  .00002905  00000+0  40992-3 0  9997
2 64525  51.9032  75.6485 0000615 119.1604 240.9420 14.79932717 69593
KUIPER-00066            
1 64526U 25134AC  26269.01685396  .00000605  00000+0  10833-3 0  9999
2 64526  51.9022  12.1686 0000586 103.5276 256.5752 14.79929515 70518
KUIPER-00069            
1 64816U 25151A   26269.00761589  .00000366  00000+0  77016-4 0  9999
2 64816  51.9001 114.8494 0000687 118.8878 241.2153 14.79933033 66424
KUIPER-00070            
1 64817U 25151B   26269.01440190  .00000604  00000+0  10831-3 0  9999
2 64817  51.8973 139.7176 0001112 106.3924 253.7160 14.79929808 66086
KUIPER-00071            
1 64818U 25151C   26269.08462812  .00000435  00000+0  86113-4 0  9991
2 64818  51.9011 136.9543 0000702  96.5262 263.5781 14.79932368 64943
KUIPER-00072            
1 64819U 25151D   26268.73476422  .00002286  00000+0  32875-3 0  9996
2 64819  51.8967 118.4204 0000868  98.1916 261.9145 14.79930650 65173
KUIPER-00073            
1 64820U 25151E   26268.37556506 -.00000864  00000+0 -84287-4 0  9997
2 64820  51.8971 140.0659 0001018  96.0015 264.1063 14.79935541 66023
KUIPER-00075            
1 64822U 25151G   26268.89070293  .00035202  00000+0  90765-3 0  9999
2 64822  51.8664 325.8518 0002292 267.2820  92.7905 15.38849221 67309
KUIPER-00076            
1 64823U 25151H   26267.84611296  .00002275  00000+0  32732-3 0  9992
2 64823  51.9007 132.4314 0000941 104.7679 255.3388 14.79936044 64903
KUIPER-00077            
1 64824U 25151J   26269.05626661  .00000845  00000+0  13982-3 0  9997
2 64824  51.9009 132.1034 0001186 100.6128 259.4968 14.79935220 65015
KUIPER-00078            
1 64825U 25151K   26268.55248352  .00001107  00000+0  17415-3 0  9996
2 64825  51.8993 131.8023 0001049 102.4093 257.6987 14.79931332 64975
KUIPER-00079            
1 64826U 25151L   26268.78343962 -.00000162  00000+0  77624-5 0  9996
2 64826  51.8977 135.7331 0001378  91.5812 268.5308 14.79930950 66138
KUIPER-00080            
1 64827U 25151M   26267.93930088  .00001362  00000+0  20769-3 0  9992
2 64827  51.9007 139.4790 0000703 114.6345 245.4691 14.79928952 64814
KUIPER-00082            
1 64828U 25151N   26268.99951802 -.00000200  00000+0  27757-5 0  9994
2 64828  51.9001 122.3567 0001057  87.2069 272.9015 14.79931740 65144
KUIPER-00083            
1 64829U 25151P   26268.99142743  .00000816  00000+0  13606-3 0  9999
2 64829  51.9003 129.8723 0001099 104.8320 255.2764 14.79931136 66229
KUIPER-00084            
1 64830U 25151Q   26267.96768836  .00001118  00000+0  17560-3 0  9993
2 64830  51.9001 144.3874 0000677  96.1695 263.9345 14.79926418 64740
KUIPER-00085            
1 64831U 25151R   26269.03328655  .00002510  00000+0  35803-3 0  9992
2 64831  51.9018 122.2647 0000948 109.7495 250.3570 14.79942730 65142
KUIPER-00086            
1 64832U 25151S   26269.02250003 -.00000300  00000+0 -10285-4 0  9998
2 64832  51.9005 132.2460 0001088  87.4409 272.6677 14.79930352 65003
KUIPER-00087            
1 64833U 25151T   26268.97382946 -.00013769  00000+0 -17793-2 0  9996
2 64833  51.8989 114.9123 0000502  96.6654 263.4365 14.79970232 65239
KUIPER-00089            
1 64834U 25151U   26269.03595476  .00006944  00000+0  93843-3 0  9995
2 64834  51.8968 119.6655 0000762 106.3954 253.7092 14.79958152 65189
KUIPER-00090            
1 64835U 25151V   26268.97653678 -.00000653  00000+0 -56711-4 0  9994
2 64835  51.8973 112.4197 0000935 110.9822 249.1241 14.79924965 65275
KUIPER-00091            
1 64836U 25151W   26268.97114950 -.00000212  00000+0  12565-5 0  9990
2 64836  51.8984 117.4755 0001093 103.1683 256.9401 14.79925290 65207
KUIPER-00092            
1 64837U 25151X   26268.76046848  .00002524  00000+0  35991-3 0  9991
2 64837  51.8991 125.8935 0000874 107.3394 252.7663 14.79932259 66286
KUIPER-00093            
1 64838U 25151Y   26269.02788480  .00002580  00000+0  36729-3 0  9999
2 64838  51.8987 127.1804 0000870 114.5356 245.5697 14.79935880 65072
KUIPER-00094            
1 64839U 25151Z   26268.87385323 -.00000488  00000+0 -34969-4 0  9993
2 64839  51.9029  82.9787 0001167 117.7569 242.3511 14.79931402 65683
KUIPER-00081            
1 65132U 25171A   26268.94792240  .00002193  00000+0  31653-3 0  9999
2 65132  51.9004 342.5347 0000465  19.4514 340.6466 14.79931033 62697
KUIPER-00088            
1 65133U 25171B   26268.99658367  .00001988  00000+0  28970-3 0  9995
2 65133  51.9017 359.8176 0000573  55.6855 304.4162 14.79934208 62455
KUIPER-00095            
1 65134U 25171C   26268.41039487  .00000921  00000+0  14975-3 0  9995
2 65134  51.8987 342.4430 0000207  84.6544 275.4442 14.79931964 62648
KUIPER-00096            
1 65135U 25171D   26268.49819436  .00001405  00000+0  21328-3 0  9992
2 65135  51.8995 354.5134 0000284  96.8052 263.2943 14.79932883 62481
KUIPER-00097            
1 65136U 25171E   26268.49552275  .00003301  00000+0  46178-3 0  9995
2 65136  51.9031 357.1960 0000414  82.0903 278.0106 14.79937472 62436
KUIPER-00098            
1 65137U 25171F   26268.56031524  .00000951  00000+0  15379-3 0  9990
2 65137  51.9020 359.2680 0000618  67.7016 292.4012 14.79919347 61760
KUIPER-00099            
1 65138U 25171G   26268.53736091  .00003344  00000+0  46731-3 0  9994
2 65138  51.9039 349.3858 0000223 102.6620 257.4367 14.79939165 62552
KUIPER-00100            
1 65139U 25171H   26268.43875567  .00003151  00000+0  44204-3 0  9995
2 65139  51.9035 347.2869 0000383  73.2259 286.8746 14.79939089 62570
KUIPER-00102            
1 65140U 25171J   26268.90876273  .00002008  00000+0  29231-3 0  9997
2 65140  51.8996 347.6734 0000124  68.7875 291.3101 14.79935521 62605
KUIPER-00103            
1 65141U 25171K   26268.58600476  .00003573  00000+0  49736-3 0  9992
2 65141  51.9006   6.6048 0000280  52.9554 307.1434 14.79933104 62319
KUIPER-00104            
1 65142U 25171L   26268.53196406  .00003331  00000+0  46571-3 0  9997
2 65142  51.9039 354.3644 0000293  89.6085 270.4911 14.79938194 62485
KUIPER-00105            
1 65143U 25171M   26268.96282830  .00001285  00000+0  19752-3 0  9999
2 65143  51.9019   0.0504 0000321  89.0362 271.0637 14.79933256 62440
KUIPER-00106            
1 65144U 25171N   26268.47083845  .00000778  00000+0  13109-3 0  9997
2 65144  51.9036 340.9956 0000352  80.0395 280.0607 14.79931417 62677
KUIPER-00107            
1 65145U 25171P   26268.91417252  .00002090  00000+0  30305-3 0  9996
2 65145  51.9013 342.7073 0000574  78.9215 281.1811 14.79926319 62681
KUIPER-00108            
1 65146U 25171Q   26268.52927351  .00001380  00000+0  21002-3 0  9995
2 65146  51.9041 356.9584 0000315  87.5303 272.5696 14.79933614 62450
KUIPER-00109            
1 65147U 25171R   26268.43336392  .00000822  00000+0  13674-3 0  9991
2 65147  51.9034 352.3240 0000418  86.4227 273.6783 14.79936545 62500
KUIPER-00110            
1 65148U 25171S   26268.45365439  .00001111  00000+0  17466-3 0  9993
2 65148  51.9003   4.7769 0000278  61.5326 298.5665 14.79933682 62323
KUIPER-00111            
1 65149U 25171T   26268.48200443  .00003372  00000+0  47100-3 0  9999
2 65149  51.8998   9.5107 0000092  62.5602 297.5369 14.79937787 62260
KUIPER-00112            
1 65150U 25171U   26268.93983520  .00000947  00000+0  15322-3 0  9991
2 65150  51.9028 350.1272 0000272 104.7366 255.3626 14.79929338 62576
KUIPER-00114            
1 65151U 25171V   26268.47931938  .00003377  00000+0  47165-3 0  9997
2 65151  51.9006  12.1195 0000214  75.7357 284.3629 14.79936104 62221
KUIPER-00115            
1 65152U 25171W   26268.55494442  .00000915  00000+0  14898-3 0  9993
2 65152  51.9024   4.2959 0000360 103.0151 257.0851 14.79933186 62345
KUIPER-00116            
1 65153U 25171X   26268.98849859  .00002610  00000+0  37115-3 0  9998
2 65153  51.9012   7.4079 0000463  92.6889 267.4126 14.79935365 62336
KUIPER-00118            
1 65154U 25171Y   26268.58061635  .00002008  00000+0  29236-3 0  9999
2 65154  51.9010  11.6605 0000576  93.3537 266.7491 14.79934915 62247
KUIPER-00119            
1 65155U 25171Z   26268.52657326  .00003325  00000+0  46485-3 0  9990
2 65155  51.9025 359.5037 0000415  88.8310 271.2700 14.79939888 62403
KUIPER-00120            
1 65762U 25217A   26269.16856948  .00002598  00000+0  36967-3 0  9992
2 65762  51.8982 246.5289 0000729  59.1974 300.9060 14.79935214 54428
KUIPER-00132            
1 65763U 25217B   26268.77588162  .00028253  00000+0  71380-3 0  9993
2 65763  51.8513 109.8373 0006112 330.1914  29.8725 15.39571335 56280
KUIPER-00133            
1 65764U 25217C   26269.13482288 -.00000761  00000+0 -70852-4 0  9997
2 65764  51.9037 246.8204 0000787  70.6921 289.4127 14.79934060 54429
KUIPER-00139            
1 65765U 25217D   26269.10233444  .00001145  00000+0  17924-3 0  9998
2 65765  51.8990 214.3849 0000750  51.8904 308.2126 14.79928554 54873
KUIPER-00142            
1 65766U 25217E   26269.11992373  .00000909  00000+0  14822-3 0  9994
2 65766  51.8978 229.2744 0000932  65.7081 294.3978 14.79933959 54663
KUIPER-00145            
1 65767U 25217F   26269.11722672  .00002180  00000+0  31489-3 0  9999
2 65767  51.9009 231.8123 0001114  63.6968 296.4109 14.79931562 54627
KUIPER-00147            
1 65768U 25217G   26269.08058104 -.00008332  00000+0 -10655-2 0  9996
2 65768  51.8975 234.4443 0000930  45.8976 314.2062 14.79922935 54585
KUIPER-00148            
1 65769U 25217H   26268.89705059  .00001078  00000+0  17044-3 0  9991
2 65769  51.9046 217.8139 0000651  80.3405 279.7631 14.79933106 54808
KUIPER-00150            
1 65770U 25217J   26269.13751397  .00000358  00000+0  75962-4 0  9991
2 65770  51.9011 244.2444 0000742  83.2324 276.8723 14.79932567 54459
KUIPER-00151            
1 65771U 25217K   26269.14558720 -.00001256  00000+0 -13574-3 0  9998
2 65771  51.8988 236.7070 0001203  72.7854 287.3240 14.79935595 54564
KUIPER-00152            
1 65772U 25217L   26269.12531571  .00000983  00000+0  15792-3 0  9990
2 65772  51.8997 224.2773 0000862  58.2866 301.8180 14.79936912 54737
KUIPER-00153            
1 65773U 25217M   26269.06317772 -.00000686  00000+0 -61010-4 0  9996
2 65773  51.9004 219.6395 0001074  89.8667 270.2418 14.79925199 54795
KUIPER-00155            
1 65774U 25217N   26269.16037856  .00001640  00000+0  24409-3 0  9999
2 65774  51.9019 191.6741 0000815  92.0374 268.0682 14.79936118 55195
KUIPER-00156            
1 65775U 25217P   26269.16448361  .00001099  00000+0  17321-3 0  9990
2 65775  51.9023 219.1765 0000809  71.4552 288.6498 14.79932753 54806
KUIPER-00165            
1 65778U 25217S   26269.08616088  .00002930  00000+0  41316-3 0  9993
2 65778  51.8993 229.4524 0000877 103.5959 256.5101 14.79937460 54652
KUIPER-00166            
1 65779U 25217T   26269.13340551  .00002174  00000+0  31415-3 0  9998
2 65779  51.9005 216.8069 0000827  90.0739 270.0318 14.79928744 54839
KUIPER-00167            
1 65780U 25217U   26269.14287896  .00000032  00000+0  33247-4 0  9990
2 65780  51.8953 239.0770 0000911  83.3858 276.7208 14.79927478 54529
KUIPER-00168            
1 65781U 25217V   26269.16178431  .00028448  00000+0  37509-2 0  9991
2 65781  51.9001 221.6202 0001565 178.0488 182.0481 14.79865041 54775
KUIPER-00169            
1 65782U 25217W   26269.08885973 -.00000155  00000+0  86903-5 0  9990
2 65782  51.9004 226.9602 0000714  81.1395 278.9648 14.79929672 54699
KUIPER-00170            
1 65783U 25217X   26269.08345625  .00002007  00000+0  29215-3 0  9994
2 65783  51.8985 231.9228 0000676  69.0565 291.0470 14.79936504 54622
KUIPER-00172            
1 65785U 25217Z   26269.13611074  .00003461  00000+0  48278-3 0  9991
2 65785  51.8977 214.2247 0001191  64.8699 295.2386 14.79934036 54871
KUIPER-00173            
1 65786U 25217AA  26269.12261334  .00003154  00000+0  44239-3 0  9993
2 65786  51.9000 226.8005 0000933  53.8987 306.2062 14.79945926 54696
KUIPER-00174            
1 65787U 25217AB  26269.12800841  .00002589  00000+0  36837-3 0  9992
2 65787  51.9017 221.8428 0000937  80.4087 279.6982 14.79944779 54767
KUIPER-00176            
1 65788U 25217AC  26269.11183317  .00000164  00000+0  50585-4 0  9998
2 65788  51.8990 236.8269 0001254  53.9093 306.1985 14.79929683 54554
KUIPER-00101            
1 65947U 25228A   26267.97576115 -.00014530  00000+0 -18807-2 0  9994
2 65947  51.8991 199.2928 0000778  57.9168 302.1870 14.79941620 52746
KUIPER-00113            
1 65948U 25228B   26268.48774612  .00003411  00000+0  47637-3 0  9992
2 65948  51.8985 192.0532 0000991  82.1133 277.9942 14.79923573 52882
KUIPER-00117            
1 65949U 25228C   26268.51881866  .00000114  00000+0  44019-4 0  9996
2 65949  51.8984 194.4151 0000949  81.5123 278.5947 14.79923945 52852
KUIPER-00121            
1 65950U 25228D   26267.95022579  .00001074  00000+0  16983-3 0  9997
2 65950  51.8985 191.9537 0001042  82.0656 278.0424 14.79933761 52848
KUIPER-00122            
1 65951U 25228E   26267.19659972  .00002596  00000+0  36938-3 0  9999
2 65951  51.8997 205.2523 0000693  96.3917 263.7125 14.79934979 52598
KUIPER-00123            
1 65952U 25228F   26268.51341834  .00002342  00000+0  33603-3 0  9997
2 65952  51.8989 199.4376 0000546  73.8773 286.2250 14.79934656 52789
KUIPER-00124            
1 65953U 25228G   26268.52152010  .00002375  00000+0  34041-3 0  9998
2 65953  51.8976 191.8925 0001163  71.7474 288.3614 14.79939285 52895
KUIPER-00125            
1 65954U 25228H   26269.01038830  .00000405  00000+0  82231-4 0  9994
2 65954  51.8989 174.7872 0001159  91.9983 268.1112 14.79915386 53172
KUIPER-00126            
1 65955U 25228J   26269.15767303  .00001460  00000+0  22052-3 0  9990
2 65955  51.8978 194.1133 0000850  89.6256 270.4803 14.79935034 52917
KUIPER-00127            
1 65956U 25228K   26269.08134586  .00002736  00000+0  38776-3 0  9991
2 65956  51.9008 186.9334 0001068  69.8075 290.3002 14.79940877 53011
KUIPER-00128            
1 65957U 25228L   26269.06447323  .00000626  00000+0  11109-3 0  9993
2 65957  51.8989 187.0743 0001022  90.5612 269.5467 14.79932067 53007
KUIPER-00129            
1 65958U 25228M   26269.03608786  .00002485  00000+0  35482-3 0  9998
2 65958  51.8997 182.1782 0000798  73.6623 286.4427 14.79932251 53075
KUIPER-00130            
1 65959U 25228N   26269.06717370  .00001483  00000+0  22351-3 0  9990
2 65959  51.9029 184.5896 0000827  89.0659 271.0398 14.79935359 43335
KUIPER-00134            
1 65960U 25228P   26268.85904598  .00033439  00000+0  88849-3 0  9998
2 65960  51.8707  68.7031 0005064 287.8103  72.2331 15.37942265 54635
KUIPER-00135            
1 65961U 25228Q   26267.95292765  .00001600  00000+0  23875-3 0  9998
2 65961  51.9016 189.5665 0000859  85.9106 274.1954 14.79941247 52874
KUIPER-00136            
1 65962U 25228R   26269.06982352  .00000339  00000+0  73516-4 0  9997
2 65962  51.9017 182.0730 0001025  79.0054 281.1023 14.79910130 53074
KUIPER-00137            
1 65963U 25228S   26268.46479469  .00001902  00000+0  27844-3 0  9990
2 65963  51.9025 182.2615 0001108  68.3852 291.7229 14.79938847 53022
KUIPER-00138            
1 65964U 25228T   26269.04147499 -.00000061  00000+0  20970-4 0  9991
2 65964  51.9007 177.1064 0001185  88.8090 271.3008 14.79931849 53147
KUIPER-00140            
1 65965U 25228U   26269.03879752  .00000510  00000+0  95969-4 0  9993
2 65965  51.9003 179.7118 0001234  85.8602 274.2502 14.79930126 53107
KUIPER-00141            
1 65966U 25228V   26268.43643092  .00000660  00000+0  11556-3 0  9998
2 65966  51.9026 177.4548 0000686 103.4091 256.6948 14.79933881 53080
KUIPER-00146            
1 65967U 25228W   26269.00773557  .00001801  00000+0  26522-3 0  9990
2 65967  51.9033 177.4411 0001276  86.1563 273.9545 14.79941428 53132
KUIPER-00149            
1 65968U 25228X   26269.11441473  .00002642  00000+0  37544-3 0  9992
2 65968  51.9010 171.8417 0000873  87.8934 272.2128 14.79939159 53221
KUIPER-00154            
1 65969U 25228Y   26269.15086794  .00003302  00000+0  46182-3 0  9990
2 65969  51.8976 169.1633 0000922  94.5956 265.5111 14.79941102 53268
KUIPER-00157            
1 65970U 25228Z   26268.98333943 -.00014501  00000+0 -20398-2 0  9998
2 65970  51.9056 172.2475 0001750  38.0498 322.0586 14.76434677 53203
KUIPER-00144            
1 67133U 25301A   26269.13211244  .00002584  00000+0  36775-3 0  9993
2 67133  51.9001 249.2698 0000782  63.4248 296.6794 14.79935823 43553
KUIPER-00164            
1 67134U 25301B   26268.98357965  .00001417  00000+0  21481-3 0  9999
2 67134  51.9036 262.4482 0000576  55.7404 304.3613 14.79939715 43538
KUIPER-00175            
1 67135U 25301C   26269.17127543  .00000281  00000+0  65902-4 0  9994
2 67135  51.8987 244.0486 0000764  40.1469 319.9550 14.79930588 43701
KUIPER-00179            
1 67136U 25301D   26268.98626736  .00001338  00000+0  20453-3 0  9996
2 67136  51.8998 259.8646 0000664  60.2554 299.8474 14.79934685 43571
KUIPER-00181            
1 67137U 25301E   26269.04032745  .00000370  00000+0  77602-4 0  9990
2 67137  51.9016 272.1925 0000658  49.4410 310.6610 14.79932424 43387
KUIPER-00183            
1 67138U 25301F   26269.17397618 -.00001015  00000+0 -10411-3 0  9991
2 67138  51.9009 241.6074 0000866  58.7433 301.3614 14.79928244 43831
KUIPER-00184            
1 67139U 25301G   26267.67483155  .00002233  00000+0  32184-3 0  9999
2 67139  51.8998 260.6749 0000580  65.5768 294.5255 14.79933741 43548
KUIPER-00186            
1 67140U 25301H   26269.00652799 -.00010253  00000+0 -13173-2 0  9991
2 67140  51.9010 272.3511 0001357  72.8362 287.2749 14.79952503 43226
KUIPER-00187            
1 67141U 25301J   26269.00379639 -.00001534  00000+0 -17230-3 0  9992
2 67141  51.9033 274.8922 0000817  79.1263 280.9792 14.79923500 43183
KUIPER-00188            
1 67142U 25301K   26269.14021883  .00002844  00000+0  40180-3 0  9996
2 67142  51.9013 241.8722 0000856  55.6999 304.4044 14.79938085 43650
KUIPER-00191            
1 67143U 25301L   26268.97818902  .00001284  00000+0  19738-3 0  9995
2 67143  51.8999 267.4767 0000542  54.6202 305.4811 14.79935237 43316
KUIPER-00196            
1 67144U 25301M   26269.15907784  .00002884  00000+0  40708-3 0  9992
2 67144  51.8971 224.1254 0000791  72.7405 287.3644 14.79939528 43904
KUIPER-00204            
1 67145U 25301N   26269.10912194  .00002847  00000+0  40223-3 0  9990
2 67145  51.9002 239.3869 0000791  66.4329 293.6717 14.79934482 43800
KUIPER-00210            
1 67146U 25301P   26269.14689992  .00002824  00000+0  39902-3 0  9999
2 67146  51.8996 266.6753 0000599  50.2940 309.8075 14.79967593 43483
KUIPER-00221            
1 67147U 25301Q   26269.03762022  .00006930  00000+0  93706-3 0  9998
2 67147  51.8958 274.6982 0000675  71.0918 289.0118 14.79934127 43198
KUIPER-00232            
1 67148U 25301R   26269.02004209  .00002312  00000+0  33210-3 0  9998
2 67148  51.8989 259.7823 0000615  63.1705 296.9321 14.79933676 43394
KUIPER-00241            
1 67149U 25301S   26267.42229637  .00000500  00000+0  94618-4 0  9992
2 67149  51.9074 276.8764 0000979  67.6415 292.4652 14.79928087 43359
KUIPER-00245            
1 67150U 25301T   26269.03492843 -.00006778  00000+0 -86055-3 0  9994
2 67150  51.9031 277.2544 0000600  77.1064 282.9965 14.79952667 43152
KUIPER-00246            
1 67151U 25301U   26269.01734400  .00001370  00000+0  20867-3 0  9991
2 67151  51.8966 262.2617 0001147  92.2841 267.8252 14.79935676 43389
KUIPER-00247            
1 67152U 25301V   26268.96058446  .00000980  00000+0  15750-3 0  9995
2 67152  51.8961 252.4557 0000613  65.4968 294.6058 14.79936867 43495
KUIPER-00248            
1 67153U 25301W   26268.64183074  .00002778  00000+0  39319-3 0  9991
2 67153  51.8975 236.5132 0000775  69.7042 290.4004 14.79936573 43851
KUIPER-00249            
1 67154U 25301X   26269.16588904  .00001016  00000+0  16221-3 0  9992
2 67154  51.8959 249.1281 0000879  79.3506 280.7555 14.79931679 43558
KUIPER-00250            
1 67155U 25301Y   26268.98087535 -.00000317  00000+0 -12581-4 0  9997
2 67155  51.9003 264.9013 0000850  11.2532 348.8449 14.79932175 43359
KUIPER-00251            
1 67156U 25301Z   26269.12942238  .00000893  00000+0  14608-3 0  9993
2 67156  51.9014 251.8226 0000650  58.1029 301.9997 14.79929826 43708
KUIPER-00252            
1 67157U 25301AA  26269.12672012  .00000685  00000+0  11886-3 0  9998
2 67157  51.8997 254.2833 0000647  72.9807 287.1226 14.79929689 43485
KUIPER-00261            
1 67158U 25301AB  26269.14970880  .00000444  00000+0  87261-4 0  9999
2 67158  51.9009 264.2480 0000588  54.8358 305.2659 14.79930257 43344
KUIPER-00265            
1 67159U 25301AC  26269.03223463  .00002442  00000+0  34914-3 0  9992
2 67159  51.9033 279.7469 0000486  60.8970 299.2041 14.79935251 43159
KUIPER-00159            
1 67764U 26030A   26268.91670139 -.00026453  00000+0 -34636-2 0  9996
2 67764  51.9019 358.9936 0001675 325.7668  96.1343 14.79821478  4478
KUIPER-00160            
1 67765U 26030B   26268.49479903 -.00000930  00000+0 -92991-4 0  9998
2 67765  51.8992 342.1080 0000604 138.4902 221.6107 14.79937301 35700
KUIPER-00177            
1 67766U 26030C   26268.64147722  .00001088  00000+0  17165-3 0  9999
2 67766  51.9006  48.9398 0000644 107.7106 252.3927 14.79930602 34785
KUIPER-00178            
1 67767U 26030D   26268.67523587  .00001315  00000+0  20150-3 0  9991
2 67767  51.9017  48.7715 0000530 108.3441 251.7579 14.79936578 34797
KUIPER-00180            
1 67768U 26030E   26268.68062697  .00003000  00000+0  42233-3 0  9992
2 67768  51.8982  43.7373 0000496 140.3226 219.7773 14.79933430 34863
KUIPER-00197            
1 67769U 26030F   26268.63466829  .00000911  00000+0  14844-3 0  9998
2 67769  51.9019  23.9611 0000364 124.6686 235.4311 14.79932030 35139
KUIPER-00198            
1 67770U 26030G   26268.65495374  .00001757  00000+0  25934-3 0  9990
2 67770  51.8990  36.3423 0000366 124.8269 235.2728 14.79935965 34968
KUIPER-00199            
1 67771U 26030H   26268.91670139 -.00588271  00000+0 -46306-1 0  9991
2 67771  51.9063 335.2061 0013053  52.6694  54.6588 15.02535987  4609
KUIPER-00200            
1 67772U 26030J   26268.46854790  .00003286  00000+0  45980-3 0  9994
2 67772  51.8998  22.2116 0000369 100.9520 259.1484 14.79937029 35147
KUIPER-00203            
1 67773U 26030K   26268.70361682  .00003016  00000+0  42437-3 0  9990
2 67773  51.9060  53.7499 0000634 113.1041 246.9989 14.79940404 34729
KUIPER-00205            
1 67774U 26030L   26268.60629742  .00001459  00000+0  22037-3 0  9997
2 67774  51.9018  19.0702 0000327  85.3231 274.7769 14.79934115 35206
KUIPER-00208            
1 67775U 26030M   26268.67793075  .00003398  00000+0  47453-3 0  9999
2 67775  51.8979  46.2460 0000904 133.0971 227.0068 14.79936763 34829
KUIPER-00209            
1 67776U 26030N   26268.64687357  .00000498  00000+0  94333-4 0  9990
2 67776  51.8985  43.9854 0000489 129.1841 230.9164 14.79927507 34857
KUIPER-00213            
1 67777U 26030P   26268.75083729  .00003385  00000+0  47281-3 0  9993
2 67777  51.8966  40.9808 0000503 119.6725 240.4287 14.79932271 34907
KUIPER-00214            
1 67778U 26030Q   26268.65226340  .00000338  00000+0  73322-4 0  9992
2 67778  51.9012  38.9575 0000309 120.0403 240.0590 14.79933802 34928
KUIPER-00215            
1 67779U 26030R   26268.63196513  .00001761  00000+0  25996-3 0  9993
2 67779  51.9007  26.3992 0000287 119.4903 240.6088 14.79933816 35103
KUIPER-00218            
1 67780U 26030S   26268.58202707  .00003089  00000+0  43397-3 0  9992
2 67780  51.8990  41.6589 0000422 122.7847 237.3156 14.79935997 34887
KUIPER-00220            
1 67781U 26030T   26268.60899470  .00001610  00000+0  24014-3 0  9998
2 67781  51.8959  16.5619 0000318  51.5303 308.5688 14.79935422 35232
KUIPER-00222            
1 67782U 26030U   26268.62120072  .00000707  00000+0  12173-3 0  9995
2 67782  51.9016  36.6466 0000580 149.2982 210.8015 14.79934496 34957
KUIPER-00223            
1 67783U 26030V   26268.52797178  .00000580  00000+0  10512-3 0  9996
2 67783  51.9023  29.3720 0000314 109.8883 250.2114 14.79930481 35055
KUIPER-00225            
1 67784U 26030W   26268.65766182  .00002229  00000+0  32127-3 0  9990
2 67784  51.8989  33.9425 0000417  98.6642 261.4368 14.79933216 34997
KUIPER-00226            
1 67785U 26030X   26268.56983119  .00001971  00000+0  28745-3 0  9996
2 67785  51.9035  21.7133 0001017  34.6338 325.4691 14.79935093 35166
KUIPER-00259            
1 67786U 26030Y   26268.55635475  .00002031  00000+0  29536-3 0  9992
2 67786  51.8992  34.2906 0000335 120.5344 239.5651 14.79932536 34988
KUIPER-00260            
1 67787U 26030Z   26268.62659359  .00001546  00000+0  23172-3 0  9998
2 67787  51.9026  31.5942 0000535 127.0160 233.0852 14.79934142 34930
KUIPER-00262            
1 67788U 26030AA  26268.52528523  .00000572  00000+0  10398-3 0  9990
2 67788  51.8998  31.9570 0000870 125.4573 234.6470 14.79933496 35015
KUIPER-00266            
1 67789U 26030AB  26268.62927723  .00001697  00000+0  25155-3 0  9993
2 67789  51.8997  28.9891 0000517 109.3520 250.7499 14.79932866 35063
KUIPER-00268            
1 67790U 26030AC  26268.59821403  .00003512  00000+0  48935-3 0  9998
2 67790  51.9064  26.6741 0000370 144.2064 215.8924 14.79937902 35092
KUIPER-00270            
1 67791U 26030AD  26268.50769919  .00003394  00000+0  47386-3 0  9990
2 67791  51.9005  17.0183 0000354  90.9707 269.1296 14.79938285 35229
KUIPER-00274            
1 67792U 26030AE  26268.61849036  .00000728  00000+0  12454-3 0  9998
2 67792  51.9027  39.0465 0000451 104.2550 255.8463 14.79928675 34920
KUIPER-00275            
1 67793U 26030AF  26268.50499970  .00001052  00000+0  16696-3 0  9998
2 67793  51.9012  19.5416 0000420 142.2869 217.8122 14.79934878 35186
KUIPER-00276            
1 67794U 26030AG  26268.53337384  .00000598  00000+0  10739-3 0  9998
2 67794  51.9008  24.3931 0000554 118.0357 242.0661 14.79933105 35123
KUIPER-00279            
1 67795U 26030AH  26268.57792867  .00000782  00000+0  13160-3 0  9990
2 67795  51.9037  14.2473 0000367 106.8813 253.2190 14.79935652 35264
KUIPER-00131            
1 68573U 26072A   26268.77664963  .00002238  00000+0  32249-3 0  9995
2 68573  51.8989 110.8465 0000838 111.8867 248.2185 14.79936699 26019
KUIPER-00189            
1 68574U 26072B   26268.94277751  .00002630  00000+0  37395-3 0  9993
2 68574  51.8972 112.5859 0000809 117.9941 242.1104 14.79929754 26003
KUIPER-00192            
1 68575U 26072C   26268.84687678 -.00000007  00000+0  28057-4 0  9999
2 68575  51.8991 108.0293 0000972 113.1675 246.9390 14.79930977 26064
KUIPER-00193            
1 68576U 26072D   26268.92519135  .00002476  00000+0  35366-3 0  9992
2 68576  51.9038  97.7350 0001010 118.4883 241.6181 14.79937942 26215
KUIPER-00194            
1 68577U 26072E   26268.95087588  .00002475  00000+0  35350-3 0  9990
2 68577  51.9009 105.0976 0000858 101.6659 258.4399 14.79930968 26112
KUIPER-00229            
1 68578U 26072F   26268.94547880  .00001114  00000+0  17516-3 0  9999
2 68578  51.9000 110.1005 0000764 122.9530 237.1506 14.79932295 26045
KUIPER-00230            
1 68579U 26072G   26269.16668980 -.00006878  00000+0 -94724-3 0  9990
2 68579  51.9030  56.4104 0001083 100.1327 162.7667 14.76571885  2279
KUIPER-00231            
1 68580U 26072H   26268.90761190  .00002709  00000+0  38429-3 0  9997
2 68580  51.8966  82.8369 0001813 133.1181 226.9933 14.79934029 26416
KUIPER-00234            
1 68581U 26072J   26268.98463471 -.00000065  00000+0  20484-4 0  9994
2 68581  51.8976 104.9108 0001250 108.2995 251.8103 14.79931041 26110
KUIPER-00236            
1 68582U 26072K   26269.16668980 -.00009955  00000+0 -12794-2 0  9999
2 68582  51.9032  59.1168 0001172 105.6080 246.6537 14.79908170  5455
KUIPER-00244            
1 68583U 26072L   26268.89412861  .00000767  00000+0  12957-3 0  9996
2 68583  51.8977  95.3332 0001047 121.9208 238.1856 14.79930241 26246
KUIPER-00253            
1 68584U 26072M   26268.89143117  .00002531  00000+0  36088-3 0  9994
2 68584  51.9022  97.8753 0000973 115.8619 244.2444 14.79936775 26203
KUIPER-00254            
1 68585U 26072N   26268.92248764 -.00000789  00000+0 -74452-4 0  9996
2 68585  51.9007 100.2268 0000801  93.5053 266.6001 14.79931319 26173
KUIPER-00263            
1 68586U 26072P   26268.87114934  .00002676  00000+0  37994-3 0  9996
2 68586  51.9001  85.5265 0000691 125.2920 234.8107 14.79933009 26377
KUIPER-00269            
1 68587U 26072Q   26268.80091923  .00000244  00000+0  60988-4 0  9991
2 68587  51.8998  88.2433 0000956 116.2216 243.8844 14.79931550 26334
KUIPER-00272            
1 68588U 26072R   26268.94815736  .00002434  00000+0  34813-3 0  9993
2 68588  51.8972 107.5580 0000954 115.0035 245.1027 14.79937979 26079
KUIPER-00285            
1 68589U 26072S   26268.90222859 -.00000062  00000+0  20861-4 0  9993
2 68589  51.9043  87.8820 0001532 100.2129 259.9007 14.79929102 26340
KUIPER-00286            
1 68590U 26072T   26268.90488532  .00005676  00000+0  77239-3 0  9992
2 68590  51.8992  85.2932 0000968 149.6041 210.4978 14.79960503 26385
KUIPER-00289            
1 68591U 26072U   26268.96434455  .00002444  00000+0  34946-3 0  9992
2 68591  51.8979  92.5073 0000973 120.1582 239.9477 14.79931009 26286
KUIPER-00290            
1 68592U 26072V   26268.93055898  .00002462  00000+0  35175-3 0  9995
2 68592  51.9016  92.6680 0000697 130.5265 229.5758 14.79939766 26286
KUIPER-00293            
1 68593U 26072W   26268.95355823  .00002362  00000+0  33869-3 0  9996
2 68593  51.8965 102.5341 0001794  75.9210 284.1952 14.79936122 26146
KUIPER-00294            
1 68594U 26072X   26268.76446020  .00000974  00000+0  15677-3 0  9990
2 68594  51.8981  90.8926 0000654 120.1527 239.9501 14.79930820 26294
KUIPER-00296            
1 68595U 26072Y   26268.68203714  .00000566  00000+0  10324-3 0  9994
2 68595  51.9004  73.7777 0000624 129.0416 231.0602 14.79933045 26521
KUIPER-00297            
1 68596U 26072Z   26268.98731698  .00002315  00000+0  33258-3 0  9990
2 68596  51.8990 102.3864 0001345 121.7786 238.3307 14.79939596 26159
KUIPER-00300            
1 68597U 26072AA  26268.75367288  .00000355  00000+0  75518-4 0  9994
2 68597  51.9012 100.9579 0000725 128.0409 232.0618 14.79932945 26153
KUIPER-00301            
1 68598U 26072AB  26268.71886433  .00001923  00000+0  30393-3 0  9992
2 68598  51.9018  70.7750 0001882 212.5630 147.5215 14.76512248 26560
KUIPER-00304            
1 68599U 26072AC  26268.74824017  .00001805  00000+0  28639-3 0  9995
2 68599  51.8995  72.5928 0000767  45.1699 314.9324 14.76627041 26544
KUIPER-00317            
1 68600U 26072AD  26268.73069453  .00000543  00000+0  10026-3 0  9991
2 68600  51.8967  91.0472 0000636 109.1981 250.9050 14.79932672 26284
KUIPER-00320            
1 68601U 26072AE  26268.79281921  .00000299  00000+0  68235-4 0  9998
2 68601  51.9015  95.7940 0000910  95.5670 264.5396 14.79928675 26225
KUIPER-00299            
1 68864U 26095A   26269.08874024 -.00000280  00000+0 -76452-5 0  9992
2 68864  51.8987 164.4455 0001127  98.3879 261.7211 14.79928101 22552
KUIPER-00353            
1 68865U 26095B   26269.07115648  .00002134  00000+0  30880-3 0  9993
2 68865  51.8994 149.5506 0001270  98.9252 261.1854 14.79933453 22768
KUIPER-00357            
1 68866U 26095C   26268.96176650 -.00000913  00000+0 -90747-4 0  9995
2 68866  51.9024 157.5440 0001309  83.4676 276.6435 14.79929348 22643
KUIPER-00364            
1 68867U 26095D   26267.91236100  .00000834  00000+0  13842-3 0  9997
2 68867  51.9031 164.7104 0001319  77.1255 282.9854 14.79937499 22453
KUIPER-00375            
1 68868U 26095E   26267.88668918  .00001888  00000+0  27656-3 0  9998
2 68868  51.8998 157.2953 0000877 105.0771 255.0289 14.79933061 22551
KUIPER-00433            
1 68869U 26095F   26269.15357285  .00000916  00000+0  14913-3 0  9996
2 68869  51.8997 166.6862 0001244  75.9577 284.1523 14.79932513 22535
KUIPER-00437            
1 68870U 26095G   26269.16668980 -.00045857  00000+0 -50700-2 0  9994
2 68870  51.8974 118.6210 0007663 326.4668  80.7199 14.87040725  3231
KUIPER-00448            
1 68871U 26095H   26269.16668980  .00043446  00000+0  56952-2 0  9990
2 68871  51.9030 156.6380 0001053 109.4701  82.9915 14.79903547  2678
KUIPER-00459            
1 68872U 26095J   26269.04279561  .00002865  00000+0  40458-3 0  9996
2 68872  51.9015 144.7459 0000907 104.8403 255.2659 14.79935709 22826
KUIPER-00468            
1 68873U 26095K   26269.05746578  .00001581  00000+0  25465-3 0  9990
2 68873  51.8978 142.3473 0000611 178.1800 181.9163 14.76632597 22866
KUIPER-00476            
1 68874U 26095L   26269.16668980 -.00038204  00000+0 -49943-2 0  9993
2 68874  51.9568 124.0494 0001687 103.5646  81.9012 14.80071391  5123
KUIPER-00478            
1 68875U 26095M   26269.04008860  .00000977  00000+0  15723-3 0  9990
2 68875  51.8957 147.1912 0001163 104.4455 255.6636 14.79930349 22792
KUIPER-00480            
1 68876U 26095N   26269.07655262  .00001352  00000+0  20627-3 0  9995
2 68876  51.9037 144.5493 0000850 100.3269 259.7789 14.79932532 22833
KUIPER-00482            
1 68877U 26095P   26269.06576179  .00000214  00000+0  57058-4 0  9999
2 68877  51.9014 154.5801 0001627  54.9605 305.1510 14.79930839 22694
KUIPER-00483            
1 68878U 26095Q   26269.11980941 -.00002861  00000+0 -34628-3 0  9991
2 68878  51.8983 166.8030 0001831  46.7265 313.3849 14.79949930 22527
KUIPER-00488            
1 68879U 26095R   26269.10492252 -.00000045  00000+0  23117-4 0  9997
2 68879  51.8995 149.4128 0001172  92.8059 267.3038 14.79930705 22761
KUIPER-00489            
1 68880U 26095S   26267.96499945  .00000567  00000+0  10338-3 0  9995
2 68880  51.8959 146.9293 0001123 105.6073 254.5013 14.79931243 22706
KUIPER-00499            
1 68881U 26095T   26269.07385128  .00002871  00000+0  40539-3 0  9993
2 68881  51.8992 147.0905 0000861 102.1877 257.9181 14.79933192 22795
KUIPER-00500            
1 68882U 26095U   26269.12250084  .00003235  00000+0  45308-3 0  9996
2 68882  51.8996 164.3276 0000880  96.1311 263.9752 14.79940042 22567
KUIPER-00502            
1 68883U 26095V   26269.07214649  .00002797  00000+0  39571-3 0  9995
2 68883  51.8981 140.8033 0001414  90.4762 269.6362 14.79937822 22880
KUIPER-00503            
1 68884U 26095W   26268.41613505  .00002716  00000+0  38517-3 0  9997
2 68884  51.8977 164.9230 0001131  93.6252 266.4840 14.79933580 22497
KUIPER-00504            
1 68885U 26095X   26269.11710749  .00003109  00000+0  43668-3 0  9994
2 68885  51.9016 169.3568 0000775  89.7829 270.3222 14.79934348 22496
KUIPER-00505            
1 68886U 26095Y   26268.41883885  .00000397  00000+0  81146-4 0  9999
2 68886  51.9014 162.4439 0000889 102.4801 257.6261 14.79933923 22528
KUIPER-00507            
1 68887U 26095Z   26267.94003044  .00002426  00000+0  34708-3 0  9994
2 68887  51.8987 154.5474 0000929  99.1377 260.9690 14.79931231 22593
KUIPER-00511            
1 68888U 26095AA  26268.94419111  .00001979  00000+0  28847-3 0  9991
2 68888  51.8984 142.7183 0001159  90.1487 269.9608 14.79936720 22840
KUIPER-00512            
1 68889U 26095AB  26267.97719783  .00002665  00000+0  37841-3 0  9999
2 68889  51.8999 166.9020 0001059  89.2656 270.8427 14.79931983 22421
KUIPER-00519            
1 68890U 26095AC  26268.93340662  .00002874  00000+0  40582-3 0  9992
2 68890  51.9014 152.7376 0000764 100.1447 259.9601 14.79936435 22702
KUIPER-00521            
1 68891U 26095AD  26268.93169475  .00000265  00000+0  63773-4 0  9994
2 68891  51.9037 146.4397 0000712  92.3287 267.7757 14.79929191 22797
KUIPER-00524            
1 68892U 26095AE  26269.09952669  .00001969  00000+0  28723-3 0  9995
2 68892  51.8957 154.4079 0000994  90.5637 269.5439 14.79930334 22692
KUIPER-00370            
1 68919U 26098A   26268.45222695  .00000073  00000+0  38601-4 0  9998
2 68919  51.9013 334.6544 0000297  61.4588 298.6404 14.79928295 22332
KUIPER-00380            
1 68920U 26098B   26267.17727224  .00001135  00000+0  17781-3 0  9991
2 68920  51.9001 332.9261 0000259  52.8311 307.2675 14.79930326 22249
KUIPER-00386            
1 68921U 26098C   26268.47452194 -.00002090  00000+0 -24524-3 0  9993
2 68921  51.9001 329.6851 0000690  35.0244 325.0764 14.79941644 22405
KUIPER-00388            
1 68922U 26098D   26268.91957639  .00000358  00000+0  75905-4 0  9990
2 68922  51.8993 337.8806 0000345  73.7100 286.3900 14.79933698 22325
KUIPER-00405            
1 68923U 26098E   26268.46642967  .00002631  00000+0  37389-3 0  9995
2 68923  51.9038 337.2380 0000636 249.5210 110.5684 14.79938936 22299
KUIPER-00408            
1 68924U 26098F   26268.86281446  .00002591  00000+0  36878-3 0  9998
2 68924  51.9001 327.8973 0000530  81.0944 279.0078 14.79930666 22468
KUIPER-00409            
1 68925U 26098G   26268.90807616  .00000768  00000+0  12982-3 0  9991
2 68925  51.9007 332.7868 0000767  82.7834 277.3215 14.79927461 22396
KUIPER-00410            
1 68926U 26098H   26268.43804818 -.00000616  00000+0 -51892-4 0  9999
2 68926  51.8965 332.3348 0000313 160.1110 199.9864 14.79925915 22361
KUIPER-00412            
1 68927U 26098J   26267.68644571  .00000726  00000+0  12426-3 0  9993
2 68927  51.9041 328.1981 0000217  77.0983 283.0004 14.79933613 22355
KUIPER-00413            
1 68928U 26098K   26267.57166221  .00001064  00000+0  16853-3 0  9997
2 68928  51.9009 341.1753 0000164 247.8523 112.2422 14.79937127 22160
KUIPER-00414            
1 68929U 26098L   26268.40500438  .00003059  00000+0  42997-3 0  9997
2 68929  51.8988 347.5716 0000672 154.0463 206.0534 14.79938464 22140
KUIPER-00415            
1 68930U 26098M   26268.89659140  .00002728  00000+0  38669-3 0  9990
2 68930  51.9019 327.8343 0000493  84.4254 275.6765 14.79933817 22460
KUIPER-00416            
1 68931U 26098N   26268.44172655  .00002314  00000+0  33221-3 0  9993
2 68931  51.9035 321.1978 0000303  92.6549 267.4449 14.79958113 22518
KUIPER-00420            
1 68932U 26098P   26268.43195652  .00000860  00000+0  14180-3 0  9992
2 68932  51.9020 322.3500 0000433  89.8953 270.2059 14.79931518 22506
KUIPER-00421            
1 68933U 26098Q   26268.76419130  .00002302  00000+0  33086-3 0  9998
2 68933  51.9029 325.8655 0000440  81.7144 278.3869 14.79931482 22481
KUIPER-00425            
1 68934U 26098R   26268.48595966 -.00003463  00000+0 -42527-3 0  9991
2 68934  51.9010 334.6388 0001093 172.4316 187.6663 14.79956668 22338
KUIPER-00430            
1 68935U 26098S   26268.48330684  .00001677  00000+0  24898-3 0  9990
2 68935  51.9054 337.0555 0000700  86.7801 273.3242 14.79933011 22300
KUIPER-00431            
1 68936U 26098T   26268.41308586  .00000737  00000+0  12564-3 0  9993
2 68936  51.8992 339.9486 0000119 354.8086   5.2875 14.79932806 22252
KUIPER-00432            
1 68937U 26098U   26268.48869534  .00001386  00000+0  21075-3 0  9994
2 68937  51.9011 332.0129 0000318 140.5736 219.5249 14.79934935 22370
KUIPER-00434            
1 68938U 26098V   26268.48466911  .00001542  00000+0  25043-3 0  9990
2 68938  51.9022 336.2362 0001207 151.0425 209.0603 14.76397893 22313
KUIPER-00436            
1 68939U 26098W   26268.40159220  .00002772  00000+0  39234-3 0  9998
2 68939  51.9006 335.0130 0000327  83.5068 276.5932 14.79938832 22322
KUIPER-00438            
1 68940U 26098X   26269.14713157  .00002938  00000+0  41422-3 0  9993
2 68940  51.9036 329.2432 0000417  75.3052 284.7957 14.79936763 22463
KUIPER-00439            
1 68941U 26098Y   26269.13023543  .00000693  00000+0  11987-3 0  9995
2 68941  51.9053 329.3107 0000618  71.8271 288.2758 14.79927493 22468
KUIPER-00440            
1 68942U 26098Z   26268.41241772 -.00002947  00000+0 -35814-3 0  9993
2 68942  51.9039 324.9772 0000905 283.7698  76.3164 14.79892959 22463
KUIPER-00442            
1 68943U 26098AA  26268.47715354  .00001457  00000+0  22017-3 0  9996
2 68943  51.9022 327.2092 0000108 200.6017 159.4941 14.79912474 22433
KUIPER-00446            
1 68944U 26098AB  26267.56286955  .00000435  00000+0  86024-4 0  9990
2 68944  51.9014 333.7368 0000910 300.0884  59.9988 14.79934524 22267
KUIPER-00451            
1 68945U 26098AC  26268.90268146  .00000996  00000+0  15961-3 0  9995
2 68945  51.8991 337.7921 0000181  82.3322 277.7660 14.79931973 22326
KUIPER-00452            
1 68946U 26098AD  26267.43051257  .00002017  00000+0  29356-3 0  9995
2 68946  51.9035 331.8203 0000594  95.7807 264.3224 14.79934138 22288
KUIPER-00453            
1 68947U 26098AE  26269.13832184  .00002629  00000+0  37376-3 0  9991
2 68947  51.8997 321.6861 0001194 164.3193 195.7806 14.79933784 22571
KUIPER-00454            
1 68948U 26098AF  26268.51167341  .00000583  00000+0  10551-3 0  9992
2 68948  51.9002 342.0120 0000456 107.7319 252.3693 14.79928980 22235
KUIPER-00455            
1 68949U 26098AG  26268.46373512  .00003067  00000+0  43109-3 0  9991
2 68949  51.9014 339.7385 0001078 159.5552 200.5454 14.79937718 22262
KUIPER-00458            
1 68950U 26098AH  26268.44614424  .00000397  00000+0  81110-4 0  9999
2 68950  51.9021 324.8397 0000783  68.5882 291.5164 14.79932834 22461
KUIPER-00282            
1 69267U 26118A   26267.64388244  .00001189  00000+0  18492-3 0  9995
2 69267  51.8992 320.8406 0000144 284.8581  75.2365 14.79937152 18885
KUIPER-00383            
1 69268U 26118B   26269.08159229 -.00000180  00000+0  53559-5 0  9991
2 69268  51.8974 312.0040 0000236  64.2787 295.8199 14.79930209 19133
KUIPER-00527            
1 69269U 26118C   26268.44007152  .00000950  00000+0  15359-3 0  9996
2 69269  51.8996 314.9749 0000363  65.9131 294.1869 14.79935654 19031
KUIPER-00562            
1 69270U 26118D   26269.08967351  .00000350  00000+0  74862-4 0  9994
2 69270  51.9012 304.4194 0000842  63.7624 296.3425 14.79932548 19240
KUIPER-00570            
1 69271U 26118E   26268.43467548  .00000395  00000+0  80857-4 0  9996
2 69271  51.9009 319.9713 0000334  46.0222 314.0768 14.79934218 18950
KUIPER-00572            
1 69272U 26118F   26268.42316822  .00000205  00000+0  55951-4 0  9991
2 69272  51.9031 314.9149 0000428  39.5830 320.5164 14.79927735 19038
KUIPER-00581            
1 69273U 26118G   26268.41777276  .00000789  00000+0  13251-3 0  9998
2 69273  51.9035 319.9485 0000263 226.2914 133.8026 14.79931960 19055
KUIPER-00584            
1 69274U 26118H   26268.46573288  .00001746  00000+0  25784-3 0  9999
2 69274  51.9019 322.3451 0000262  38.0104 322.0876 14.79942956 18936
KUIPER-00587            
1 69275U 26118J   26268.42586766  .00000898  00000+0  14674-3 0  9994
2 69275  51.9025 312.4122 0000435  72.5133 287.5877 14.79936760 19074
KUIPER-00590            
1 69276U 26118K   26269.09577624  .00002393  00000+0  34273-3 0  9991
2 69276  51.9034 314.4603 0000208  83.4899 276.6087 14.79933952 19105
KUIPER-00592            
1 69277U 26118L   26267.66074002  .00002121  00000+0  30716-3 0  9992
2 69277  51.9046 320.6854 0000242  69.2683 290.8305 14.79936314 18898
KUIPER-00593            
1 69278U 26118M   26269.09776606  .00002251  00000+0  32414-3 0  9992
2 69278  51.9008 296.9467 0000965 190.3327 169.7616 14.79931866 19409
KUIPER-00594            
1 69279U 26118N   26269.09237713 -.00000164  00000+0  75299-5 0  9996
2 69279  51.9041 301.9822 0000983  82.0236 278.0838 14.79931062 19278
KUIPER-00595            
1 69280U 26118P   26269.06405922  .00002051  00000+0  29783-3 0  9995
2 69280  51.8989 297.0503 0000959 210.8749 149.2157 14.79947064 19377
KUIPER-00596            
1 69281U 26118Q   26268.44885150  .00001498  00000+0  22545-3 0  9995
2 69281  51.9032 322.3154 0000298  73.3664 286.7331 14.79932260 18930
KUIPER-00597            
1 69282U 26118R   26268.79115772  .00000853  00000+0  14094-3 0  9994
2 69282  51.8980 300.7974 0000858  46.4049 313.6984 14.79933449 19263
KUIPER-00599            
1 69283U 26118S   26268.81415429  .00001948  00000+0  28436-3 0  9991
2 69283  51.9018 310.6103 0000209   0.7432 359.3531 14.79937086 19132
KUIPER-00600            
1 69284U 26118T   26269.09506361  .00002291  00000+0  32948-3 0  9994
2 69284  51.8996 299.3673 0001708  57.1642 302.9484 14.79935427 19314
KUIPER-00601            
1 69285U 26118U   26269.11266089  .00002459  00000+0  35133-3 0  9993
2 69285  51.9024 314.3763 0000339  85.7582 274.3419 14.79937301 19105
KUIPER-00602            
1 69286U 26118V   26269.12073546  .00000468  00000+0  90449-4 0  9999
2 69286  51.9028 306.7552 0000400 288.8662  71.2257 14.79930683 19217
KUIPER-00603            
1 69287U 26118W   26269.13492479  .00001944  00000+0  28381-3 0  9996
2 69287  51.9064 309.2848 0000363  74.1899 285.9104 14.79945237 19171
KUIPER-00605            
1 69288U 26118X   26268.45154687  .00000970  00000+0  15618-3 0  9994
2 69288  51.9007 319.7831 0000473  51.5098 308.5907 14.79933413 18972
KUIPER-00606            
1 69289U 26118Y   26267.42981461  .00000438  00000+0  86490-4 0  9995
2 69289  51.9033 316.8212 0000426  45.9683 314.1315 14.79931978 18923
KUIPER-00607            
1 69290U 26118Z   26269.11195873  .00000201  00000+0  55352-4 0  9990
2 69290  51.8990 299.3864 0001527  29.9629 330.1420 14.79927199 19318
KUIPER-00608            
1 69291U 26118AA  26269.12612654  .00001787  00000+0  26340-3 0  9997
2 69291  51.8941 301.6800 0001045  59.4738 300.6327 14.79929661 19286
KUIPER-00610            
1 69292U 26118AB  26268.41168684 -.00000730  00000+0 -66737-4 0  9992
2 69292  51.9039 309.9776 0000741 109.1753 250.9290 14.79939541 19106
KUIPER-00613            
1 69293U 26118AC  26268.87359228 -.00003455  00000+0 -42439-3 0  9998
2 69293  51.9019 317.9325 0000242  55.6676 304.4310 14.79939283 19032
KUIPER-00618            
1 69294U 26118AD  26269.12344435  .00000223  00000+0  58245-4 0  9993
2 69294  51.9044 304.3364 0001359 218.3524 141.7342 14.79930993 19243
KUIPER-00620            
1 69295U 26118AE  26269.13763117  .00000867  00000+0  14270-3 0  9990
2 69295  51.9048 306.7792 0000363  37.1348 322.9639 14.79936465 19213
KUIPER-00423            
1 69592U 26140A   26269.16668980  .00034045  00000+0  45665-2 0  9996
2 69592  51.8999 279.1303 0001893 243.8134 205.3020 14.79052193  3124
KUIPER-00428            
1 69593U 26140B   26268.50373811  .00045576  00000+0  11991-2 0  9996
2 69593  51.8786 273.8676 0005385 298.8612  61.1834 15.38099698 16665
KUIPER-00481            
1 69594U 26140C   26269.05713060  .00002008  00000+0  31607-3 0  9992
2 69594  51.8991 284.5911 0002284 359.5288   0.5670 14.76507559 16569
KUIPER-00490            
1 69595U 26140D   26268.76818605 -.00000006  00000+0  28246-4 0  9994
2 69595  51.9046 290.8556 0000472  52.9496 307.1509 14.79932623 16451
KUIPER-00493            
1 69596U 26140E   26269.06669584  .00001316  00000+0  20158-3 0  9996
2 69596  51.9033 294.5858 0000886 337.2852  22.8071 14.79938266 16429
KUIPER-00496            
1 69597U 26140F   26269.16668980 -.00050365  00000+0 -59369-2 0  9992
2 69597  51.9007 277.9747 0005712 279.7977  73.8612 14.84481575  5263
KUIPER-00513            
1 69598U 26140G   26267.45137466  .00001911  00000+0  27967-3 0  9994
2 69598  51.9009 296.7220 0000356  59.7412 300.3585 14.79930967 16256
KUIPER-00516            
1 69599U 26140H   26269.16668980 -.00104911  00000+0 -10129-1 0  9991
2 69599  51.8954 273.8185 0006641 223.8220 158.5288 14.92933489  5905
KUIPER-00517            
1 69600U 26140J   26269.16668980 -.01321888  00000+0 -77012-1 0  9993
2 69600  51.8887 271.3618 0010501 192.1365 275.2424 15.14828868  5497
KUIPER-00520            
1 69601U 26140K   26269.06580649  .00001275  00000+0  21128-3 0  9999
2 69601  51.9016 291.6944 0000592 229.7417 130.3492 14.76611983 16464
KUIPER-00522            
1 69602U 26140L   26268.99852110  .00001925  00000+0  28402-3 0  9990
2 69602  51.9028 279.8840 0000211 356.4161   3.6800 14.79536596 16625
KUIPER-00528            
1 69603U 26140M   26269.05251700  .00000904  00000+0  14759-3 0  9993
2 69603  51.9035 292.1610 0000402  59.5757 300.5246 14.79932714 16457
KUIPER-00532            
1 69604U 26140N   26269.16668980 -.00066881  00000+0 -81902-2 0  9999
2 69604  51.9005 276.6744 0000445   9.2700  48.7721 14.83071978  4971
KUIPER-00533            
1 69605U 26140P   26269.04102513  .00001411  00000+0  21407-3 0  9993
2 69605  51.9010 287.2016 0000444  51.2241 308.8761 14.79940709 16524
KUIPER-00534            
1 69606U 26140Q   26269.00145044  .00025215  00000+0  88026-3 0  9994
2 69606  51.8841 272.6781 0011834 148.4131 211.7565 15.29377441 16724
KUIPER-00537            
1 69607U 26140R   26269.10045411  .00002158  00000+0  31197-3 0  9991
2 69607  51.9012 294.3526 0000969  10.1888 349.9094 14.79937212 16436
KUIPER-00538            
1 69608U 26140S   26267.44866432  .00003016  00000+0  42396-3 0  9998
2 69608  51.9057 299.1847 0000737   8.8443 351.2533 14.79988455 16225
KUIPER-00540            
1 69609U 26140T   26269.00949784  .00036927  00000+0  96302-3 0  9998
2 69609  51.8809 271.2704 0004672 292.2249  67.8242 15.38471126 16740
KUIPER-00541            
1 69610U 26140U   26269.16668980 -.01841271  00000+0 -15712+0 0  9994
2 69610  51.8943 272.1387 0007296 189.3728 172.4241 15.01006324  5789
KUIPER-00542            
1 69611U 26140V   26269.16668980 -.00071971  00000+0 -42364-2 0  9992
2 69611  51.8898 271.2380 0009329 175.0883 279.6469 15.11349133  5483
KUIPER-00543            
1 69612U 26140W   26269.16668980 -.00065249  00000+0 -81097-2 0  9990
2 69612  51.9032 276.6671 0001672  85.1388 154.3609 14.82442967  5482
KUIPER-00544            
1 69613U 26140X   26269.16668980 -.00078542  00000+0 -60619-2 0  9998
2 69613  51.8903 272.5548 0004078 193.2197  74.1214 15.01430243  5183
KUIPER-00546            
1 69614U 26140Y   26269.16668980 -.00026818  00000+0 -34987-2 0  9997
2 69614  51.9000 279.1412 0000354 146.0557 121.0603 14.79983750  3604
KUIPER-00547            
1 69615U 26140Z   26269.16668980 -.02063006  00000+0 -88872-1 0  9991
2 69615  51.8854 270.3263 0010448 172.7914  45.2452 15.25504461  5854
KUIPER-00549            
1 69616U 26140AA  26269.16668980 -.00050211  00000+0 -53296-2 0  9997
2 69616  51.8988 274.3667 0003620 273.1940  39.8597 14.88752872  5021
KUIPER-00550            
1 69617U 26140AB  26269.16668980 -.00050684  00000+0 -49259-2 0  9996
2 69617  51.8939 278.1610 0004946 324.3075  64.6359 14.92272119  2843
KUIPER-00551            
1 69618U 26140AC  26269.13864404 -.00299889  00000+0 -82068-2 0  9990
2 69618  51.8790 269.8649 0012563 171.7221 188.3975 15.37874537 16776
KUIPER-00554            
1 69619U 26140AD  26269.16668980 -.00275306  00000+0 -85169-2 0  9998
2 69619  51.8771 270.0133 0009247 179.6297 193.4076 15.34017387  3317
KUIPER-00555            
1 69620U 26140AE  26268.57089680  .00026392  00000+0  72054-3 0  9995
2 69620  51.8798 272.8444 0008996 167.4662 192.6550 15.37202217 16687
KUIPER-00556            
1 69621U 26140AF  26269.01265727  .00002433  00000+0  34762-3 0  9998
2 69621  51.8971 282.3186 0000809  95.6240 264.4815 14.79981352 16590
KUIPER-00557            
1 69622U 26140AG  26269.16668980 -.00027559  00000+0 -99748-3 0  9996
2 69622  51.8837 270.3333 0008068 184.4361  62.9904 15.27573707  4276
KUIPER-00560            
1 69623U 26140AH  26269.01053985  .00045502  00000+0  12323-2 0  9993
2 69623  51.8794 271.2475 0007954 207.4892 152.5675 15.37190612 16741
KUIPER-00561            
1 69624U 26140AJ  26268.33195554  .00000597  00000+0  10738-3 0  9991
2 69624  51.9008 290.3051 0000755  79.1921 280.9126 14.79926492 16422
KUIPER-00564            
1 69625U 26140AK  26268.00002315  .00026619  00000+0  35095-2 0  9993
2 69625  51.8963 289.2795 0000835 118.5947  77.8463 14.79901066  5761
KUIPER-00567            
1 69626U 26140AL  26267.42565479  .00006409  00000+0  86844-3 0  9998
2 69626  51.8989 289.3385 0001829 150.6909 209.4156 14.79959214 16352
KUIPER-00573            
1 69627U 26140AM  26269.00995497  .00001468  00000+0  22151-3 0  9993
2 69627  51.9020 284.8444 0000367  77.2748 282.8256 14.79936368 16550
KUIPER-00258            
1 69763U 26151A   26269.16668980 -.00000983  00000+0 -85416-4 0  9994
2 69763  51.8968 194.2243 0008961  68.0906 194.1500 14.85647912  3873
KUIPER-00526            
1 69764U 26151B   26269.14151182  .00002824  00000+0  39935-3 0  9992
2 69764  51.8981 209.3189 0000928  70.1357 289.9706 14.79932085 12934
KUIPER-00558            
1 69765U 26151C   26268.56748970  .00002080  00000+0  30172-3 0  9993
2 69765  51.8979 211.7764 0000696  95.6257 264.4785 14.79931532 12853
KUIPER-00569            
1 69766U 26151D   26269.12729583 -.00006862  00000+0 -87130-3 0  9996
2 69766  51.9033 206.7941 0000687 104.7690 255.3348 14.79964668 12973
KUIPER-00589            
1 69767U 26151E   26268.91428757  .00001383  00000+0  22701-3 0  9996
2 69767  51.9004 210.9394 0003004  77.8089 282.3208 14.76547123 12895
KUIPER-00598            
1 69768U 26151F   26267.93405598  .00000889  00000+0  14557-3 0  9996
2 69768  51.8932 207.0898 0000434  96.7640 263.3372 14.79934515 12864
KUIPER-00604            
1 69769U 26151G   26269.13001707 -.00003463  00000+0 -42542-3 0  9993
2 69769  51.9022 204.2998 0000560  87.5173 272.5854 14.79944046 13009
KUIPER-00609            
1 69770U 26151H   26268.55282840  .00001893  00000+0  29899-3 0  9992
2 69770  51.9025 204.2870 0002896  54.8766 305.2466 14.76630315 12956
KUIPER-00611            
1 69771U 26151J   26267.94823876 -.00000330  00000+0 -14298-4 0  9990
2 69771  51.8963 209.5066 0000929  74.3229 285.7836 14.79931686 12836
KUIPER-00612            
1 69772U 26151K   26269.07667025  .00003319  00000+0  46405-3 0  9991
2 69772  51.9002 207.0395 0001393 125.0777 235.0316 14.79945569 12968
KUIPER-00614            
1 69773U 26151L   26268.53913461  .00002582  00000+0  36752-3 0  9995
2 69773  51.8989 206.9626 0001367  79.8714 280.2403 14.79935374 12912
KUIPER-00615            
1 69774U 26151M   26269.09084067  .00000648  00000+0  11400-3 0  9993
2 69774  51.9007 209.4064 0001114 128.6757 231.4305 14.79933402 12930
KUIPER-00616            
1 69775U 26151N   26269.16668980 -.00016416  00000+0 -21166-2 0  9995
2 69775  51.9002 194.1445 0000780 124.6168  12.9057 14.80190283  3636
KUIPER-00617            
1 69776U 26151P   26269.06786973 -.00001119  00000+0 -11779-3 0  9992
2 69776  51.9003 199.5766 0000246 168.2671 191.8297 14.79938777 13060
KUIPER-00619            
1 69777U 26151Q   26267.27257925  .00001630  00000+0  26186-3 0  9998
2 69777  51.9011 209.8620 0001496 158.9256 201.1767 14.76591817 12767
KUIPER-00621            
1 69778U 26151R   26267.96512170  .00000791  00000+0  13279-3 0  9997
2 69778  51.9030 209.4484 0000896  99.4237 260.6827 14.79935957 12839
KUIPER-00622            
1 69779U 26151S   26267.95564878  .00002001  00000+0  31451-3 0  9997
2 69779  51.8992 213.5642 0001302  80.0488 280.0619 14.76578422 12770
KUIPER-00623            
1 69780U 26151T   26267.28710284  .00000053  00000+0  36008-4 0  9998
2 69780  51.8960 214.9571 0001257 106.3046 253.8054 14.79918152 12697
KUIPER-00626            
1 69781U 26151U   26269.06517650  .00001049  00000+0  16661-3 0  9997
2 69781  51.8976 202.0614 0000900 113.8382 246.2675 14.79935272 13037
KUIPER-00627            
1 69782U 26151V   26269.16668980  .00020937  00000+0  27677-2 0  9997
2 69782  51.9006 196.6431 0001192 112.4216 220.0130 14.79919619  4384
KUIPER-00629            
1 69783U 26151W   26269.12191248  .00000915  00000+0  14902-3 0  9994
2 69783  51.8956 211.7706 0000647  95.2355 264.8681 14.79930086 12903
KUIPER-00631            
1 69784U 26151X   26269.13879850  .00002217  00000+0  31970-3 0  9999
2 69784  51.9009 211.7593 0000556  93.0146 267.0880 14.79936192 12901
KUIPER-00634            
1 69785U 26151Y   26267.27025059  .00001162  00000+0  18147-3 0  9996
2 69785  51.9023 215.0214 0001042  97.4094 262.6987 14.79929320 12696
KUIPER-00639            
1 69786U 26151Z   26269.16668980  .00018278  00000+0  24286-2 0  9999
2 69786  51.9012 196.6262 0001416  35.4928 116.1296 14.79785046  5733
KUIPER-00641            
1 69787U 26151AA  26269.11850194  .00003366  00000+0  47024-3 0  9993
2 69787  51.8997 199.3587 0002222 143.0617 217.0499 14.79948614 13076
KUIPER-00644            
1 69788U 26151AB  26269.16668980 -.00047664  00000+0 -47110-2 0  9995
2 69788  51.8947 191.9491 0009125  60.8071 252.9780 14.91549319  5843
KUIPER-00646            
1 69789U 26151AC  26268.54452068  .00000221  00000+0  57954-4 0  9990
2 69789  51.8971 201.9776 0001046 101.0547 259.0533 14.79926558 12986
KUIPER-00647            
1 69790U 26151AD  26269.16668980  .00014186  00000+0  20427-2 0  9991
2 69790  51.8996 198.8167 0002345 340.9932 145.2349 14.76532585  5419
KUIPER-00662            
1 69791U 26151AE  26267.28183204  .00002446  00000+0  34978-3 0  9997
2 69791  51.9009 219.9679 0000308  45.0612 315.0375 14.79929620 12624
