NSS-11                  
1 26554U 00059A   26283.53725390  .00000020  00000+0  00000+0 0  9991
2 26554   2.4186  79.8781 0002930 122.4936 186.2002  1.00271595 42449
AMC-6                   
1 26580U 00067A   26282.99425507  .00000079  00000+0  00000+0 0  9999
2 26580   0.4411  83.2715 0004862 131.6812  26.5544  1.00273208 95048
AMC-15                  
1 28446U 04041A   26283.57043258 -.00000096  00000+0  00000+0 0  9992
2 28446   0.0557  54.5431 0001918 154.3907 270.5566  1.00272252 80463
NSS-10                  
1 28526U 05003A   26282.79973767 -.00000256  00000+0  00000+0 0  9998
2 28526   6.7323  69.0193 0003347 131.9843  67.8848  1.00272465 54300
ASTRA 1KR               
1 29055U 06012A   26283.59495936  .00000113  00000+0  00000+0 0  9994
2 29055   0.7662  82.3805 0003532 121.0339  48.9822  1.00273405 46850
ASTRA 1L                
1 31306U 07016A   26283.44381203 -.00000190  00000+0  00000+0 0  9992
2 31306   1.6132  80.3722 0004708 119.9072 314.0588  1.00271343 46143
ASTRA 4A                
1 32299U 07057A   26283.59218602  .00000026  00000+0  00000+0 0  9994
2 32299   0.0590  62.5122 0002641 149.0911  25.6038  1.00272856 52807
ASTRA 1M                
1 33436U 08057A   26283.59504603  .00000114  00000+0  00000+0 0  9996
2 33436   0.5884  82.3637 0003484 112.3344  58.1303  1.00270833 46893
NSS-9                   
1 33749U 09008A   26283.34241157  .00000065  00000+0  00000+0 0  9990
2 33749   1.5530  81.2706 0002037 106.6696 137.3595  1.00272370 64670
SES-7 (PROTOSTAR 2)     
1 34941U 09027A   26283.61263943 -.00000352  00000+0  00000+0 0  9993
2 34941   0.0485  54.8326 0002070 179.0872 114.1169  1.00272097 63786
NSS-12                  
1 36032U 09058A   26283.45993209  .00000064  00000+0  00000+0 0  9996
2 36032   0.0809  76.1576 0002303  88.3771  77.1297  1.00273352 62078
SES-1                   
1 36516U 10016A   26283.00101509 -.00000124  00000+0  00000+0 0  9992
2 36516   0.0360 279.2586 0002509 282.8369  75.9025  1.00272699 60184
ASTRA 3B                
1 36581U 10021A   26283.59591270  .00000131  00000+0  00000+0 0  9999
2 36581   1.7601  81.9396 0002840  86.2114  89.0656  1.00270655 60020
SES-3                   
1 37748U 11035A   26283.57077926 -.00000108  00000+0  00000+0 0  9991
2 37748   1.6189  81.5912 0002663 138.4946 261.5898  1.00271975 55757
ASTRA 1N                
1 37775U 11041A   26283.59504603  .00000113  00000+0  00000+0 0  9992
2 37775   0.1177  51.5407 0003645 123.0150  78.0801  1.00273168 45684
SES-2                   
1 37809U 11049A   26283.57398594 -.00000203  00000+0  00000+0 0  9997
2 37809   0.3491  86.3870 0002798 112.6036 299.8400  1.00272131 55125
QUETZSAT 1              
1 37826U 11054A   26283.50465229 -.00000249  00000+0  00000+0 0  9995
2 37826   0.0540  59.7677 0002773 147.8991 276.1425  1.00272145 51034
SES-4                   
1 38087U 12007A   26283.37300505 -.00000176  00000+0  00000+0 0  9993
2 38087   0.0180  45.5683 0002523 156.4309 289.2921  1.00271926 53388
SES-5                   
1 38652U 12036A   26283.09324384  .00000025  00000+0  00000+0 0  9995
2 38652   0.0565   9.2044 0002086 185.5446 222.5155  1.00272303 45605
ASTRA 2F                
1 38778U 12051A   26283.59677937  .00000143  00000+0  00000+0 0  9992
2 38778   0.0439 250.5593 0004111 322.5446  49.1363  1.00272734 42292
SES-6                   
1 39172U 13026A   26283.44069201  .00000000  00000+0  00000+0 0  9999
2 39172   0.0163  82.6742 0001886 113.6920 300.8295  1.00268166 48883
O3B FM5                 
1 39188U 13031A   26283.37679473 -.00000026  00000+0  00000+0 0  9991
2 39188   0.0728 310.9916 0002372 235.8444 173.1647  5.00115710242806
O3B FM4                 
1 39189U 13031B   26282.49677370 -.00000026  00000+0  00000+0 0  9998
2 39189   0.0410   0.9452 0004170 165.0725 193.9973  5.00115689242762
O3B FM2                 
1 39190U 13031C   26283.16184827 -.00000026  00000+0  00000+0 0  9995
2 39190   0.0369   7.8615 0002600 187.6583 164.4761  5.00116126242868
O3B PFM                 
1 39191U 13031D   26282.97608269 -.00000026  00000+0  00000+0 0  9995
2 39191   0.0571 336.3934 0004694 192.4369 191.1838  5.00116068242417
ASTRA 2E                
1 39285U 13056A   26283.59686604  .00000143  00000+0  00000+0 0  9993
2 39285   0.0756 316.2208 0002156 247.1379  59.2271  1.00272399 47578
SES-8                   
1 39460U 13071A   26283.61003942 -.00000277  00000+0  00000+0 0  9995
2 39460   0.0339 286.9333 0001599 237.5590 169.3666  1.00272570 45581
ASTRA 5B                
1 39617U 14011B   26283.59591270  .00000130  00000+0  00000+0 0  9994
2 39617   0.0864 297.8172 0003421 273.4743  45.9638  1.00270181 45826
O3B FM3                 
1 40079U 14038A   26283.44260397 -.00000026  00000+0  00000+0 0  9999
2 40079   0.0484 356.0158 0003884 241.1446 122.8062  5.00115806218818
O3B FM7                 
1 40080U 14038B   26282.98897297 -.00000026  00000+0  00000+0 0  9994
2 40080   0.0410 354.0319 0002561 162.4487 203.5348  5.00115643223625
O3B FM6                 
1 40081U 14038C   26283.01592173 -.00000026  00000+0  00000+0 0  9995
2 40081   0.0455 355.9399 0002584 202.5655 161.4889  5.00115818223571
O3B FM8                 
1 40082U 14038D   26283.46887575 -.00000026  00000+0  00000+0 0  9998
2 40082   0.0445 355.6031 0002769 203.3738 161.0167  5.00116157223704
O3B FM10                
1 40348U 14083A   26283.29631841 -.00000026  00000+0  00000+0 0  9997
2 40348   0.0470 346.4939 0002675 210.4142 163.0869  5.00115772215654
O3B FM11                
1 40349U 14083B   26283.30900084 -.00000026  00000+0  00000+0 0  9998
2 40349   0.0522 348.6696 0002098 196.9383 174.3936  5.00115500215672
O3B FM12                
1 40350U 14083C   26283.53579819 -.00000026  00000+0  00000+0 0  9993
2 40350   0.0517 349.5702 0002444 210.2585 160.1658  5.00116003215689
O3B FM9                 
1 40351U 14083D   26283.36271783 -.00000026  00000+0  00000+0 0  9994
2 40351   0.0520 347.3905 0002595 209.9974 162.6071  5.00116121215833
ASTRA 2G                
1 40364U 14089A   26283.59677937  .00000000  00000+0  00000+0 0  9991
2 40364   0.0305   5.7322 0002000  88.4801 168.0051  1.00270521 43126
SES-9                   
1 41380U 16013A   26283.54139912 -.00000352  00000+0  00000+0 0  9991
2 41380   0.0053 170.7711 0001486 329.6235 181.9814  1.00272003 38591
SES-10                  
1 42432U 17017A   26283.41352328 -.00000280  00000+0  00000+0 0  9999
2 42432   0.0020 299.8799 0002615 267.4814 253.6510  1.00271793 34917
SES-15                  
1 42709U 17026A   26283.47405719  .00000053  00000+0  00000+0 0  9992
2 42709   0.0350 332.5171 0000298 223.5678 224.5012  1.00268762  8585
SES-11 (ECHOSTAR 105)   
1 42967U 17063A   26283.57043258 -.00000097  00000+0  00000+0 0  9995
2 42967   0.0272 316.9053 0002314 246.0400 276.6636  1.00271746 32889
SES-14                  
1 43175U 18012B   26283.08293046 -.00000287  00000+0  00000+0 0  9991
2 43175   0.0103 151.0549 0001006  40.2085 169.8086  1.00272336  8175
O3B FM15                
1 43231U 18024A   26283.42957761 -.00000026  00000+0  00000+0 0  9997
2 43231   0.0563 356.1859 0002608 204.6595 159.1479  5.00115895156791
O3B FM16                
1 43232U 18024B   26280.88329326 -.00000027  00000+0  00000+0 0  9996
2 43232   0.0595 358.7354 0002583 198.8751 162.3834  5.00116008156580
O3B FM14                
1 43233U 18024C   26283.52271932 -.00000026  00000+0  00000+0 0  9999
2 43233   0.0595   0.0504 0002828 198.7839 161.1592  5.00115864156726
O3B FM13                
1 43234U 18024D   26282.98896803 -.00000026  00000+0  00000+0 0  9999
2 43234   0.0535 341.9426 0000440 156.0388 222.0258  5.00115695156802
SES-12                  
1 43488U 18049A   26283.61003942 -.00000276  00000+0  00000+0 0  9999
2 43488   0.0517  51.5244 0002111 195.5646  86.7564  1.00270838 30574
O3B FM20                
1 44112U 19020A   26283.34891863 -.00000026  00000+0  00000+0 0  9994
2 44112   0.0537 353.8547 0002243 207.0752 159.0649  5.00115729137339
O3B FM19                
1 44113U 19020B   26282.97608202 -.00000026  00000+0  00000+0 0  9996
2 44113   0.0730 336.2144 0002730 195.2951 188.4988  5.00116032137186
O3B FM17                
1 44114U 19020C   26283.45610597 -.00000026  00000+0  00000+0 0  9991
2 44114   0.0529  14.9620 0002589 187.1481 157.8827  5.00115717137295
O3B FM18                
1 44115U 19020D   26283.40249284 -.00000026  00000+0  00000+0 0  9998
2 44115   0.0539 353.3600 0002771 206.8973 159.7356  5.00115442137410
SES-17                  
1 49332U 21095A   26283.36407833  .00000000  00000+0  00000+0 0  9991
2 49332   0.0078  94.6658 0000926  90.9170 257.3584  1.00267492 19004
SES-22                  
1 52933U 22071A   26283.56367255  .00000097  00000+0  00000+0 0  9998
2 52933   0.0441  60.8503 0000882 128.6094 253.6412  1.00273440  8678
SES-20                  
1 53960U 22123A   26282.64425699 -.00000111  00000+0  00000+0 0  9990
2 53960   0.0469  64.4439 0001440  48.4120  34.2631  1.00271988 14686
SES-21                  
1 53961U 22123B   26283.56531922  .00000062  00000+0  00000+0 0  9994
2 53961   0.0361  66.2790 0001014 131.8036 253.6330  1.00271249  8369
O3B MPOWER F1           
1 54755U 22174A   26282.19125236 -.00000027  00000+0  00000+0 0  9999
2 54755   0.0402 345.9291 0007028 214.9237 357.2881  5.00114338 71065
O3B MPOWER F2           
1 54756U 22174B   26283.44691697 -.00000026  00000+0  00000+0 0  9997
2 54756   0.0382 351.7904 0005450 202.0499 166.1487  5.00115451 71217
SES-18                  
1 55970U 23038A   26283.57077926 -.00000108  00000+0  00000+0 0  9994
2 55970   0.0284 268.8426 0002418 328.2159 244.5187  1.00272098 13265
SES-19                  
1 55971U 23038B   26283.56453922  .00000080  00000+0  00000+0 0  9996
2 55971   0.0326 275.6228 0001479 286.7702 245.1438  1.00273183 13247
O3B MPOWER F4           
1 56367U 23059A   26267.52002965 -.00000018  00000+0  00000+0 0  9996
2 56367   0.0590 342.3109 0007695 196.7885 180.9060  5.00115028 63573
O3B MPOWER F3           
1 56368U 23059B   26283.34454274 -.00000026  00000+0  00000+0 0  9998
2 56368   0.0569 340.5951 0006322 211.0123 168.3820  5.00115506 60490
O3B MPOWER F5           
1 58346U 23175A   26283.04565048 -.00000026  00000+0  00000+0 0  9994
2 58346   0.0620   2.3315 0006544 211.3527 146.2780  5.00115585 55187
O3B MPOWER F6           
1 58347U 23175B   26282.94626518 -.00000026  00000+0  00000+0 0  9993
2 58347   0.0579 355.8952 0004692 211.5276 152.5561  5.00115471 54099
ASTRA 1P (SES-24)       
1 60086U 24115A   26283.09610385  .00000111  00000+0  00000+0 0  9997
2 60086   0.0632   8.8942 0002965 227.2914 196.3369  1.00266448  8346
O3B MPOWER F7           
1 62362U 24244A   26282.81280451 -.00000026  00000+0  00000+0 0  9991
2 62362   0.0540 333.5271 0005670 220.4321 166.0288  5.00115400 32266
O3B MPOWER F8           
1 62363U 24244B   26283.37953482 -.00000026  00000+0  00000+0 0  9995
2 62363   0.0413  38.7783 0005076 151.6582 169.5569  5.00114553 26634
O3B MPOWER F9           
1 64866U 25153A   26283.51268007 -.00000026  00000+0  00000+0 0  9993
2 64866   0.0666 354.6537 0007554 213.8210 151.4880  5.00115221 25338
O3B MPOWER F10          
1 64867U 25153B   26282.87919313 -.00000026  00000+0  00000+0 0  9995
2 64867   0.0621 353.9618 0005593 287.8187  78.1605  5.00114798 27775
