NIMIQ 2                 
1 27632U 02062A   26281.47641399 -.00000077  00000+0  00000+0 0  9995
2 27632   9.7046  55.6629 0005544 138.2278 245.5592  1.00272022 45322
ANIK F2                 
1 28378U 04027A   26281.46538316 -.00000061  00000+0  00000+0 0  9992
2 28378   3.5731  77.9474 0002936 106.1379 249.4744  1.00272078 42393
ANIK F1R                
1 28868U 05036A   26281.50294458 -.00000085  00000+0  00000+0 0  9994
2 28868   4.5979  75.1065 0002150  75.0451 300.7584  1.00271753 47590
ANIK F3                 
1 31102U 07009A   26281.50077791 -.00000014  00000+0  00000+0 0  9992
2 31102   1.4849  82.2841 0002592 111.7711 244.6748  1.00271664 47695
NIMIQ 4                 
1 33373U 08044A   26281.50797127 -.00000234  00000+0  00000+0 0  9990
2 33373   0.0778  83.0585 0002160 101.5452 293.4437  1.00271715 66120
TELSTAR 11N             
1 34111U 09009A   26281.37424407 -.00000265  00000+0  00000+0 0  9990
2 34111   0.0491  78.1681 0002606 124.8243 271.2092  1.00270754 47386
TERRESTAR-1             
1 35496U 09035A   26280.33806009 -.00000069  00000+0  00000+0 0  9995
2 35496   5.2538  48.6309 0001682 126.0968 211.9675  1.00271339 63254
NIMIQ 5                 
1 35873U 09050A   26281.62394294 -.00000270  00000+0  00000+0 0  9996
2 35873   0.0513  78.0667 0002769 119.8651 331.2562  1.00270508 62481
SKYTERRA 1              
1 37218U 10061A   26281.41915825 -.00000128  00000+0  00000+0 0  9993
2 37218   5.3654  50.5710 0002625 134.2905 241.7833  1.00271294 58336
NIMIQ 6                 
1 38342U 12026A   26281.50615127 -.00000188  00000+0  00000+0 0  9993
2 38342   0.0510  66.5564 0002874 132.8120 268.9042  1.00272207 51567
ANIK G1                 
1 39127U 13014A   26281.50303125 -.00000088  00000+0  00000+0 0  9994
2 39127   0.0530  78.4052 0003151 132.1851 240.3546  1.00271959 49381
TELSTAR 12V             
1 41036U 15068A   26281.37875076  .00000000  00000+0  00000+0 0  9994
2 41036   0.0207 191.1397 0002069   6.1927 301.0350  1.00269548 39760
VIASAT-2                
1 42740U 17029A   26281.51039795 -.00000279  00000+0  00000+0 0  9991
2 42740   0.0135 236.7487 0001428 283.6666 330.5322  1.00268186 34330
LEO 1 (LEO VANTAGE 1)   
1 43113U 18004C   26281.58917498  .00002014  00000+0  14184-3 0  9992
2 43113  99.2443 214.7391 0349154  91.1668 272.9551 14.68342272454125
TELSTAR 19V             
1 43562U 18059A   26281.20767999 -.00000295  00000+0  00000+0 0  9996
2 43562   0.0180 213.9391 0002115 342.5233 192.1558  1.00271071 30272
TELSTAR 18V             
1 43611U 18069A   26281.49115492 -.00000308  00000+0  00000+0 0  9993
2 43611   0.0161 251.6056 0001975 308.4309 131.9151  1.00269886 29775
AMOS-17                 
1 44479U 19050A   26279.24675439  .00000092  00000+0  00000+0 0  9998
2 44479   0.0394 358.0229 0001612 199.3585 283.3710  1.00270720 26309
